40
241
359
382
502
503
504
505
506
507
508
509
510
511
512
513
514
515
516
517
518
519
521
522
523
524
525
526
527
528
529
530
531
532
533
534
535
536
537
538
539
540
541
542
543
544
545
546
547
548
549
550
551
552
553
554
555
556
557
558
559
560
561
562
563
564
565
566
568
569
570
571
572
573
574
575
576
577
578
579
580
581
582
583
584
585
586
587
588
589
590
591
592
593
594
595
596
597
598
599
600
601
602
603
604
605
606
607
608
609
610
611
612
613
614
615
616
617
618
619
620
621
622
623
624
625
626
628
629
630
631
632
633
634
635
636
637
638
639
640
641
642
643
644
645
646
647
648
649
650
651
652
653
654
655
656
657
658
659
660
661
662
663
664
665
666
667
668
669
670
671
672
673
674
675
676
677
678
679
680
681
682
683
684
685
686
687
688
689
690
691
692
693
694
695
696
697
698
699
700
701
702
704
705
706
707
708
709
710
711
712
713
714
715
716
717
718
719
720
721
722
723
724
725
726
727
728
729
730
731
732
733
734
735
736
737
738
739
740
741
742
743
744
745
746
747
748
749
750
1297
1333
1628
1805
1841
2002
2003
2004
2005
2006
2007
2008
2009
2010
2011
2013
2014
2015
2016
2017
2018
2019
2020
2021
2022
2023
2024
2025
2026
2027
2028
2029
2030
2031
2032
2033
2034
2035
2036
2037
2038
2039
2040
2041
2042
2043
2044
2045
2046
2047
2048
2049
2050
2051
2052
2053
2054
2055
2056
2057
2058
2059
2060
2061
2062
2063
2065
2066
2067
2068
2069
2070
2071
2072
2073
2074
2075
2076
2077
2078
2079
2080
2081
2082
2083
2084
2085
2086
2087
2088
2089
2090
2091
2092
2093
2094
2095
2096
2097
2098
2099
2100
2101
2102
2103
2104
2105
2106
2107
2108
2109
2110
2111
2112
2113
2114
2115
2116
2117
2118
2119
2120
2121
2122
2123
2124
2125
2126
2127
2129
2130
2131
2132
2133
2134
2135
2136
2137
2138
2139
2140
2141
2142
2143
2144
2145
2146
2147
2148
2149
2150
2151
2152
2153
2154
2155
2156
2157
2158
2159
2160
2161
2162
2163
2164
2165
2166
2167
2168
2169
2170
2171
2172
2173
2174
2175
2176
2177
2178
2179
2180
2181
2182
2183
2184
2185
2186
2187
2188
2189
2190
2191
2192
2193
2194
2195
2196
2197
2198
2199
2200
2201
2202
2203
2204
2205
2206
2207
2208
2209
2210
2211
2212
2213
2214
2215
2216
2217
2218
2219
2220
2221
2222
2223
2224
2225
2226
2227
2228
2229
2230
2231
2232
2233
2234
2235
2236
2237
2238
2239
2240
2241
2242
2243
2244
2245
2246
2247
2248
2249
2250
2378
2466
2645
2687
2717
2728
2769
2922
2947
3142
3950
3960
4049
4200
4267
4697
4715
4910
4935
4973
5666
5771
5788
6055
6185
6354
6368
6513
6700
6965
7033
7312
7372
7405
7781
7803
7853
7947
8036
8275
8322
8353
8527
8543
8739
8778
8967
8991
9081
9392
9402
9553
9565
9721
9816
10211
10319
10438
10486
10928
10995
11049
11098
11175
11535
11560
11568
11686
11767
11894
12035
12414
12768
12789
12867
12929
13215
13242
13377
13382
13499
13603
13875
13897
13980
14323
14345
14426
14488
14870
15071
15202
15323
15599
15612
15725
16083
16199
16391
17469
18073
18260
18263
18298
18371
18412
18763
18870
19370
19432
19472
19523
19671
20206
20415
20675
20695
20713
20723
21151
21192
21471
21533
21577
22152
22456
22687
22935
22955
22969
23013
23253
23414
23642
23949
24271
24517
24619
24652
24786
25055
25407
25552
25584
25769
25800
25817
25824
25860
26108
26159
26234
26666
26675
26736
26746
27030
27107
27632
27736
27757
27784
27788
28127
28235
28891
28924
29619
30057
30266
30431
30543
30713
30963
31144
31227
31342
31381
31408
31474
31504
31538
31563
31617
31768
31874
32101
32180
32223
32519
32535
32556
32581
32671
32844
32856
32891
33513
33551
33748
33754
33912
34090
34558
34630
34648
34787
35078
35691
35730
35970
36119
36272
36768
36883
37316
37338
37401
37403
37618
37792
38252
38253
38254
38255
38256
38257
38258
38259
38260
38261
38262
38263
38264
38265
38266
38267
38268
38269
38270
38271
38272
38273
38274
38275
38276
38277
38278
38279
38280
38281
38282
38283
38284
38285
38286
38287
38288
38289
38290
38291
38292
38293
38295
38296
38297
38298
38299
38300
38301
38302
38303
38304
38305
38306
38307
38308
38309
38310
38311
38312
38313
38314
38315
38316
38317
38318
38319
38320
38321
38322
38323
38324
38325
38326
38327
38328
38329
38330
38331
38332
38333
38334
38335
38336
38337
38338
38339
38340
38341
38342
38343
38344
38345
38346
38347
38348
38349
38350
38351
38352
38353
38354
38355
38356
38357
38358
38359
38360
38361
38362
38363
38364
38365
38366
38367
38368
38369
38370
38371
38372
38373
38374
38375
38376
38377
38378
38379
38380
38381
38382
38383
38386
38387
38388
38389
38390
38391
38392
38393
38394
38395
38396
38397
38398
38399
38401
38402
38403
38404
38405
38406
38407
38408
38409
38410
38411
38412
38413
38414
38415
38416
38417
38418
38419
38420
38421
38422
38423
38424
38425
38426
38427
38428
38429
38430
38431
38432
38433
38434
38435
38436
38437
38438
38439
38440
38441
38442
38443
38444
38445
38446
38447
38448
38449
38450
38451
38452
38453
38454
38455
38456
38457
38459
38460
38461
38462
38463
38464
38465
38466
38467
38468
38469
38470
38471
38472
38473
38474
38475
38477
38478
38479
38480
38481
38482
38483
38484
38485
38486
38487
38488
38489
38490
38491
38492
38493
38494
38495
38496
38498
38499
38500
38517
38888
38893
39161
39183
39600
39617
39622
39749
40415
40554
41422
41550
41610
41806
41822
41874
42480
42669
42701
42829
43093
43191
43438
43630
43734
44067
44332
44486
44649
44984
45246
45275
45843
46124
46566
47232
47265
47378
47448
47554
47734
47957
48017
48095
48178
48213
48286
48411
48426
48466
48622
48683
48723
48765
48857
48927
49365
49880
50140
50516
50704
50751
51137
51319
51330
51362
51375
51459
51573
51735
51914
52054
52075
52097
52283
52593
52957
53183
53276
53303
53499
53519
53572
53777
54007
54609
55252
55430
55587
55699
55957
56485
56489
56683
57260
57574
57991
58055
58193
58360
58396
58580
58852
59080
59094
59201
59412
59418
59502
59503
59504
59505
59506
59507
59508
59509
59510
59511
59512
59513
59514
59515
59516
59517
59518
59519
59520
59521
59522
59523
59524
59525
59526
59527
59528
59529
59530
59531
59532
59533
59534
59535
59536
59537
59538
59539
59540
59541
59542
59543
59544
59545
59546
59547
59548
59549
59550
59551
59552
59553
59554
59555
59556
59557
59558
59559
59560
59561
59562
59563
59564
59565
59566
59567
59568
59569
59570
59571
59572
59573
59574
59575
59576
59577
59578
59579
59580
59581
59582
59583
59584
59585
59586
59587
59588
59589
59590
59591
59592
59593
59594
59595
59596
59597
59599
59600
59601
59602
59603
59604
59605
59606
59607
59608
59609
59610
59611
59612
59613
59614
59615
59616
59617
59618
59619
59620
59621
59622
59623
59624
59625
59626
59627
59628
59629
59630
59631
59632
59633
59634
59635
59636
59637
59638
59639
59640
59641
59642
59643
59644
59645
59646
59647
59648
59649
59650
59651
59652
59653
59654
59655
59656
59657
59658
59660
59661
59662
59663
59664
59666
59667
59668
59669
59670
59671
59672
59673
59674
59675
59676
59677
59678
59679
59680
59681
59682
59683
59684
59685
59686
59687
59688
59689
59690
59691
59692
59693
59694
59695
59696
59697
59698
59699
59700
59701
59702
59703
59704
59705
59706
59707
59708
59709
59710
59711
59712
59713
59714
59715
59716
59717
59718
59719
59720
59721
59722
59724
59725
59726
59727
59728
59729
59730
59731
59732
59733
59734
59735
59736
59737
59738
59739
59740
59741
59742
59743
59744
59745
59746
59747
59748
59749
59750
59792
59817
60089
60170
60325
60342
60461
60795
60849
60929
60971
60982
60993
60996
61739
61797
61997
62201
62401
62477
62595
62677
62801
63309
63354
63541
63617
63988
64508
64812
65115
65247
65440
65459
65460
65510
65596
65717
65764
66098
66254
66278
66295
66385
66517
66786
66842
66851
66928
67058
67090
67103
67136
67197
67420
67533
67876
67963
68076
68952
69152
69160
69183
69189
69321
69388
69455
69520
69565
69653
69762
69825
69875
70246
70283
70286
70473
70475
70498
70512
70589
70774
70805
70907
71089
71155
71170
71305
71427
71490
71522
71666
71850
72071
72236
72327
72349
72408
72456
72649
72850
72885
72888
73116
73514
73566
73579
73642
73712
73780
73868
73898
73948
74043
74147
74174
74211
74289
74445
74509
74595
74726
74996
75024
75175
75444
75929
76002
76003
76004
76005
76006
76007
76008
76009
76010
76011
76012
76013
76014
76015
76016
76017
76018
76019
76020
76021
76022
76023
76024
76025
76026
76027
76028
76029
76030
76031
76032
76033
76034
76035
76036
76037
76038
76039
76040
76041
76042
76043
76044
76045
76046
76047
76048
76049
76050
76051
76052
76053
76054
76055
76056
76057
76058
76059
76060
76061
76062
76063
76064
76065
76066
76067
76068
76069
76070
76071
76072
76073
76074
76075
76076
76077
76078
76079
76080
76081
76082
76083
76084
76085
76086
76087
76088
76089
76091
76092
76093
76094
76095
76096
76097
76098
76099
76100
76101
76102
76103
76104
76105
76106
76107
76108
76109
76110
76111
76112
76113
76114
76115
76116
76117
76118
76119
76120
76121
76122
76123
76124
76125
76126
76127
76128
76129
76130
76131
76132
76133
76134
76136
76137
76138
76139
76140
76141
76143
76144
76145
76146
76147
76148
76149
76150
76151
76152
76153
76154
76155
76156
76157
76158
76159
76160
76161
76162
76163
76164
76165
76166
76167
76168
76169
76170
76171
76172
76173
76174
76175
76176
76177
76178
76179
76180
76181
76182
76183
76184
76185
76186
76187
76188
76189
76190
76191
76192
76193
76194
76195
76196
76197
76198
76199
76200
76201
76202
76203
76204
76205
76206
76207
76208
76209
76210
76211
76212
76213
76214
76215
76216
76217
76218
76219
76220
76221
76222
76223
76224
76225
76226
76227
76228
76229
76230
76231
76232
76233
76234
76235
76236
76237
76238
76239
76240
76241
76242
76243
76245
76246
76247
76248
76249
76250
76347
76432
76580
76782
76815
76948
76983
77063
77251
77329
77678
77938
78064
78233
78300
78331
78596
78597
78602
79049
79530
79687
79751
79831
79863
80074
80208
80230
80343
80484
80504
80641
80826
80929
80951
80966
81127
81163
81221
81727
81851
81948
81961
82052
82179
82329
82346
82412
83169
83196
83298
83397
83497
83806
83910
84296
84472
84505
84569
84849
84880
85179
85564
85661
85673
85696
85714
85770
86065
86313
86553
86633
86665
86787
86991
87233
87356
87928
88268
88485
88538
88624
88745
88779
88792
88903
88966
89898
89936
90219
90240
90245
90264
90530
90662
90739
91220
91229
91236
91279
91444
91835
91870
92358
92625
92742
93185
93570
93585
94127
94501
94771
95011
95053
95118
95222
95456
95553
95664
95820
95899
96036
96037
96133
96209
96248
96390
96735
96813
97218
97234
97266
97438
97607
97627
97839
98138
98518
98555
98812
98855
98963
99060
99337
99444
99453
99562
99743
99865
99926
100041
100186
100235
100327
100336
100661
100771
101026
101076
101091
101573
101593
101612
101724
101737
101786
101833
101837
102667
103020
103061
103257
104206
104253
104306
104326
104836
105126
105280
105283
105314
105399
105518
105827
105906
106343
106367
106414
106423
106865
106907
107171
107542
107615
107716
108033
108308
108340
108350
108414
108998
109130
109718
109741
110110
110499
111095
111102
111249
111285
111311
111691
112136
112266
112569
112586
112794
112973
113894
114145
114200
114248
114448
114496
114508
114537
114597
114791
114823
115473
115749
115813
116002
116196
116252
116253
116254
116255
116256
116257
116258
116259
116260
116261
116262
116263
116264
116265
116266
116267
116268
116269
116270
116271
116272
116273
116274
116275
116276
116277
116278
116279
116280
116281
116282
116283
116284
116285
116286
116287
116288
116289
116290
116291
116292
116293
116294
116295
116296
116297
116298
116299
116300
116301
116302
116303
116304
116305
116306
116307
116308
116309
116310
116311
116312
116313
116314
116315
116316
116317
116318
116319
116320
116321
116322
116323
116324
116325
116326
116327
116328
116329
116330
116331
116332
116333
116334
116335
116336
116337
116338
116339
116340
116341
116342
116343
116344
116345
116346
116347
116348
116349
116350
116351
116352
116353
116354
116355
116356
116357
116358
116359
116360
116361
116362
116363
116364
116365
116366
116367
116369
116372
116373
116374
116375
116376
116377
116378
116379
116380
116381
116382
116383
116384
116385
116386
116387
116388
116389
116390
116391
116392
116393
116394
116395
116396
116397
116398
116399
116400
116401
116402
116403
116404
116405
116406
116407
116408
116409
116410
116411
116412
116413
116414
116415
116416
116417
116418
116419
116420
116421
116422
116423
116424
116425
116426
116427
116428
116429
116430
116431
116432
116433
116434
116435
116436
116437
116438
116439
116440
116441
116442
116443
116444
116445
116446
116447
116448
116449
116450
116451
116452
116453
116454
116456
116457
116458
116459
116460
116461
116462
116463
116464
116465
116466
116467
116468
116469
116470
116471
116472
116473
116474
116475
116476
116477
116478
116479
116480
116481
116482
116483
116484
116485
116486
116487
116488
116489
116490
116491
116492
116493
116494
116495
116496
116497
116498
116499
116500
116517
116853
117074
117273
117277
117668
117704
117894
118659
118725
118803
118900
118901
119090
119141
119400
119789
119798
120049
120230
120282
120525
120692
120738
120801
120965
121064
121170
121801
122193
122283
122397
122444
122491
122565
122762
123166
123199
123379
123406
123530
123690
124236
124312
124748
124953
124991
125006
125253
125256
125304
125333
125724
125799
125837
125944
126113
126202
126601
126676
126741
126762
126808
127175
127233
127744
127897
128009
128118
128237
128285
128521
128561
128735
129190
129247
129263
129310
129386
129453
129525
129867
129875
129907
130045
130058
130145
130213
130250
130300
130596
130649
130700
131190
131234
131258
131289
131373
131454
131584
131930
132070
132120
132375
132501
132576
132911
133340
133366
133456
133457
133603
133878
133880
134090
134408
134667
134727
134815
134913
134982
135733
135766
135938
136545
136907
136934
137079
137183
137277
137369
137591
137747
137889
138186
138261
138437
138459
138467
138625
138714
138842
138993
139156
139495
139570
139594
139598
139666
139798
139908
139927
140026
140058
140130
140201
140258
140649
141126
141242
141427
141428
141639
141643
141740
141775
141932
141984
142046
142047
142065
142344
142660
143319
143355
143492
143857
143940
144723
144864
144891
144912
145352
145424
145697
145812
146345
146579
146611
146741
146759
146806
147278
147588
147699
147847
147921
147944
148302
148571
148621
148667
148880
148899
148936
149432
149572
149685
149770
149907
149963
150244
150342
151008
151196
151296
151313
151420
151547
151570
151738
151821
152425
152456
152729
152772
152817
152819
152838
153117
153170
153183
153359
153360
153474
153740
153784
153871
153882
153896
154069
154177
154825
154989
155160
155348
155390
155665
155674
155818
155880
155895
156189
156646
156814
156868
157107
157185
157270
157664
157930
158115
158349
158370
158630
158826
159064
159302
159467
159772
159912
159921
160074
160505
160506
160666
160997
161007
161637
161918
161978
162278
162306
162827
163334
163362
163377
163395
163634
163637
163678
163705
163748
163969
164019
164319
164399
164447
164605
164659
164929
164930
165105
165331
165548
165627
165637
165697
165838
165881
166057
166217
166314
166339
166785
166812
166827
167118
167291
167547
167780
167802
167949
167979
168276
169212
169411
169422
169447
169465
169514
169663
170045
170161
170299
170391
170497
170518
170722
170760
170894
170954
171091
171132
171158
171196
171289
171313
171414
171476
171578
171666
171675
171681
171720
171854
171869
171870
172005
172134
172337
172455
172677
172705
172869
172907
173139
173212
173407
173590
173622
174133
174172
174433
174903
176018
176055
176140
176262
177061
177092
177100
177421
177902
178074
178384
178529
178558
178915
178916
178949
178984
179056
179231
179404
179849
180790
180837
181002
181003
181004
181005
181006
181007
181008
181009
181010
181011
181012
181013
181014
181015
181016
181017
181018
181019
181020
181021
181022
181023
181024
181025
181026
181027
181028
181029
181030
181031
181032
181033
181034
181035
181036
181037
181038
181039
181040
181041
181042
181043
181044
181045
181046
181047
181048
181049
181050
181051
181052
181053
181054
181055
181056
181057
181058
181059
181060
181061
181062
181063
181064
181065
181066
181067
181068
181069
181070
181071
181072
181073
181074
181075
181076
181077
181078
181079
181081
181082
181084
181085
181086
181087
181088
181089
181090
181091
181092
181093
181094
181095
181096
181097
181098
181099
181100
181101
181102
181103
181104
181105
181106
181107
181108
181109
181110
181111
181112
181113
181114
181115
181116
181117
181118
181119
181120
181121
181122
181123
181124
181125
181126
181127
181128
181129
181130
181131
181132
181133
181134
181135
181136
181137
181138
181139
181140
181141
181142
181143
181144
181145
181146
181147
181148
181149
181150
181151
181152
181153
181154
181155
181156
181157
181158
181159
181160
181161
181162
181163
181164
181165
181166
181167
181168
181169
181170
181171
181172
181173
181174
181175
181176
181177
181178
181179
181180
181181
181182
181183
181184
181185
181186
181187
181188
181189
181190
181191
181192
181193
181194
181195
181196
181197
181198
181199
181200
181201
181202
181203
181204
181205
181206
181207
181208
181209
181210
181211
181212
181213
181214
181215
181216
181217
181218
181219
181220
181221
181222
181223
181224
181225
181226
181227
181228
181229
181230
181231
181232
181233
181234
181235
181236
181237
181238
181239
181240
181241
181242
181244
181245
181246
181247
181248
181249
181250
181350
181757
181772
181790
182042
182410
182831
182887
182918
183022
183147
183392
183644
183869
184038
184148
184165
184248
184261
184262
184275
184342
184391
184498
185044
185140
185237
185291
185355
185473
185508
185621
186018
186271
186421
186659
186693
186761
187195
187229
187621
187674
187711
188027
188052
188107
188108
188585
188728
188920
189104
189473
189485
189652
190370
190418
190437
190545
190558
191074
191255
191614
192062
192092
192162
192212
192403
192444
192531
192553
193254
193288
193758
193759
193902
194370
194378
194409
194420
194570
194732
195001
195108
195252
195253
195254
195255
195256
195257
195258
195259
195260
195261
195262
195263
195264
195265
195266
195267
195268
195269
195270
195271
195272
195273
195274
195275
195276
195277
195278
195279
195280
195281
195282
195283
195284
195285
195286
195287
195288
195289
195290
195291
195292
195293
195294
195295
195296
195297
195298
195299
195300
195301
195302
195303
195304
195305
195306
195307
195308
195309
195310
195311
195312
195313
195314
195315
195316
195317
195318
195319
195320
195321
195322
195323
195324
195325
195326
195327
195329
195330
195331
195332
195333
195334
195335
195336
195337
195338
195339
195340
195341
195342
195343
195344
195345
195346
195347
195348
195349
195350
195351
195352
195353
195354
195355
195356
195357
195358
195359
195360
195361
195362
195363
195364
195365
195366
195367
195368
195369
195370
195371
195372
195373
195374
195375
195376
195377
195378
195379
195380
195381
195382
195383
195384
195385
195386
195387
195388
195389
195390
195391
195392
195393
195394
195395
195396
195397
195398
195399
195400
195401
195402
195403
195404
195405
195406
195407
195409
195410
195412
195413
195414
195415
195416
195418
195419
195420
195421
195422
195423
195424
195425
195426
195427
195428
195429
195430
195431
195432
195433
195434
195435
195436
195437
195438
195439
195440
195441
195442
195444
195445
195446
195447
195448
195449
195450
195451
195452
195453
195454
195455
195456
195457
195458
195459
195460
195461
195462
195463
195464
195465
195466
195467
195468
195469
195470
195471
195472
195473
195474
195475
195476
195477
195478
195479
195480
195481
195482
195483
195484
195485
195486
195487
195488
195489
195490
195491
195492
195493
195494
195495
195496
195497
195498
195499
195500
195658
195747
195796
196143
196242
196384
196467
196475
196787
196921
197026
197108
197113
197212
197216
197382
197555
197641
197830
197884
198067
198147
198485
198555
198851
199002
199153
199207
199293
199607
199676
199850
