#galcount
58
66
84
86
99
162
180
397
454
463
543
552
637
863
953
962
1036
1051
1112
1187
1216
1256
1274
1311
1333
1393
1454
1522
1546
1723
1861
1938
2105
2176
2258
2279
2443
2492
2539
2559
2572
2663
2796
2834
2924
2938
3010
3248
3291
3343
3349
3405
3412
3415
3434
3451
3475
3581
3626
3664
3719
3733
3820
3905
3972
3985
3992
4012
4037
4050
4118
4198
4410
4437
4461
4577
4622
4649
4694
4763
4768
4787
4876
4909
4915
4930
4933
5014
5160
5202
5261
5286
5292
5355
5485
5715
5743
5848
5854
5861
5928
5998
5999
6026
6207
6470
6592
6608
6687
6764
6877
7002
7016
7219
7266
7322
7380
7408
7506
7595
7614
7669
7786
7820
7866
7867
8047
8072
8223
8241
8273
8321
8389
8409
8429
8494
8536
8549
8636
8646
8749
8750
8786
8824
8906
8919
9053
9080
9082
9152
9386
9457
9566
9854
9873
9953
10188
10189
10210
10229
10335
10448
10540
10738
10884
10926
10927
11125
11428
11453
11471
11530
11535
11740
11840
11861
11904
11919
11938
11945
12073
12156
12208
12210
12312
12319
12358
12363
12549
12576
12657
12706
12819
12979
13103
13154
13171
13289
13400
13431
13478
13664
13722
13827
13863
13929
14024
14035
14037
14095
14096
14252
14320
14370
14448
14462
14534
14537
14547
14579
14625
14668
14747
14900
14954
14981
15091
15223
15224
15552
16058
16406
16553
16651
16658
16770
16824
16840
16977
17057
17118
17148
17366
17424
17505
17510
17536
17601
17710
17774
17863
17917
18438
18538
18540
18574
18578
18591
18594
18673
18845
18871
18929
18984
19173
19213
19286
19300
19393
19460
19505
19752
19865
19947
20132
20174
20304
20453
20460
20865
21031
21061
21227
21308
21379
21516
21523
21524
21536
21545
21660
21679
21711
21718
21735
21783
21824
21897
22026
22061
22104
22127
22217
22227
22262
22368
22407
22475
22550
22553
22875
23029
23085
23255
23263
23382
23421
23584
23678
23810
23826
23861
23930
23995
24017
24217
24274
24383
24651
24884
25092
25210
25367
25410
25547
25632
25675
25817
25857
26029
26136
26377
26526
26604
26643
26644
26656
26688
26719
26833
27191
27203
27293
27320
27509
27653
27660
27736
27742
27797
27830
27925
27972
28073
28117
28267
28285
28289
28323
28393
28430
28433
28564
28577
28616
28667
28777
28806
28842
29040
29125
29198
29263
29585
29694
29697
29699
29852
30152
30178
30300
30310
30404
30431
30543
30771
31200
31402
31588
31598
31607
31650
31735
31819
32159
32206
32231
32354
32541
32569
32595
32625
32669
32676
32761
32801
32827
32853
33010
33037
33055
33064
33150
33246
33305
33385
33393
33449
33450
33517
33559
33655
33921
33969
33987
33990
34206
34232
34264
34379
34787
34897
35058
35073
35108
35109
35185
35188
35206
35256
35371
35397
35518
35536
35578
35675
35711
35728
35870
36041
36224
36227
36321
36481
36502
36611
36632
36720
36739
36990
37061
37067
37239
37401
37414
37466
37494
37517
37570
37581
37685
37753
37840
37893
37894
37968
37972
38074
38117
38128
38188
38240
38303
38332
38574
38619
38727
38785
38948
38955
39048
39085
39110
39183
39264
39309
39313
39522
39676
39682
39749
39887
39948
39960
39982
39998
40021
40081
40156
40223
40250
40278
40350
40426
40436
40533
40584
40668
40955
40988
41015
41073
41075
41085
41092
41101
41156
41187
41256
41264
41371
41401
41488
41521
41525
41613
41615
41621
41641
41654
41724
41750
41791
41817
41892
41928
41931
41942
41945
42042
42129
42148
42172
42231
42425
42515
42533
42588
42621
42715
42792
42828
42844
42867
42903
42954
42984
43015
43045
43252
43258
43274
43502
43705
43734
43753
43833
43834
43972
44055
44110
44154
44217
44310
44330
44332
44442
44456
44485
44533
44554
44638
44824
45060
45084
45168
45169
45228
45239
45316
45453
45465
45562
45643
45680
45701
45753
46002
46012
46268
46318
46350
46410
46798
46888
47065
47254
47512
47601
47698
47793
47821
47863
48008
48039
48081
48086
48176
48227
48397
48398
48425
48459
48501
48539
48691
48723
48897
48906
48975
49020
49082
49161
49180
49316
49322
49337
49365
49397
49402
49415
49425
49471
49481
49522
49540
49620
49651
49816
49852
49864
49889
49941
50197
50557
50584
50586
50729
50848
50885
50921
50926
50977
50984
50985
51126
51127
51149
51150
51171
51174
51221
51258
51355
51414
51444
51487
51488
51525
51556
51628
51698
51751
51796
51978
52075
52288
52305
52945
53032
53039
53142
53150
53212
53261
53360
53464
53546
53609
53786
53791
53800
53858
53971
53972
53980
54120
54125
54193
54250
54288
54306
54346
54438
54496
54501
54505
54582
54725
54769
54777
54823
54833
54839
54903
54961
55010
55011
55059
55107
55164
55316
55343
55419
55527
55578
55591
55678
55734
55762
55788
55824
55825
56025
56045
56185
56308
56313
56350
56530
56583
56655
56668
56720
56785
56861
56889
56912
56957
56970
57140
57202
57231
57303
57371
57373
57374
57387
57389
57430
57467
57485
57546
57552
57589
57597
57632
57688
57719
57797
57812
57847
57896
57939
57947
57963
57972
58061
58068
58086
58117
58175
58181
58185
58213
58343
58390
58529
58539
58644
58662
58746
58771
58814
58960
58967
58985
59051
59071
59088
59176
59198
59232
59285
59339
59417
59454
59529
59542
59555
59646
59682
59713
59733
59773
59792
59803
59817
59856
59885
59904
60006
60087
60096
60138
60145
60162
60227
60239
60315
60324
60326
60332
60334
60395
60407
60438
60468
60552
60586
60610
60691
60767
60775
60788
60893
60920
60967
61022
61067
61206
61294
61375
61592
61648
61663
61768
61777
61831
61974
62027
62037
62065
62093
62238
62239
62271
62359
62650
62715
62745
63008
63070
63168
63249
63369
63394
63791
63838
63939
63977
64132
64181
64291
64313
64324
64379
64576
64723
64813
64888
64892
65054
65113
65116
65309
65334
65685
65992
66017
66249
66289
66346
66400
66466
66561
66570
67067
67249
67311
67323
67325
67355
67654
67945
68086
68374
68398
68417
68420
68463
68485
68531
68534
68598
68618
68619
68636
68689
68697
68702
68706
68718
68765
68780
68829
68892
69062
69070
69085
69100
69102
69220
69246
69271
69329
69347
69360
69368
69395
69402
69407
69425
69426
69439
69448
69496
69506
69547
69557
69577
69614
69617
69622
69639
69649
69682
69707
69714
69715
69716
69720
69741
69765
69772
69773
69850
69859
69873
69940
69952
69963
69995
69996
70048
70075
70191
70208
70256
70377
70399
70437
70438
70445
70458
70475
70556
70649
70754
70795
70869
70913
70979
71084
71112
71120
71148
71184
71191
71192
71349
71421
71434
71446
71487
71511
71522
71635
71648
71709
71732
71760
71844
71850
71853
71864
71984
71985
72017
72082
72153
72197
72352
72431
72482
72517
72527
72568
72577
72595
72690
72714
72724
72730
72763
72764
72768
72799
72829
72852
72856
72888
72949
72966
72983
73009
73014
73048
73100
73146
73186
73209
73323
73351
73460
73535
73543
73613
73762
73787
73914
74004
74028
74086
74174
74216
74228
74245
74252
74258
74343
74419
74507
74517
74563
74603
74687
74704
74707
74720
74732
74745
74777
74798
74921
74924
74965
75192
75249
75401
75469
75499
75504
75505
75527
75584
75614
75745
75813
75856
75858
75901
76119
76153
76294
76331
76339
76576
76619
76645
76703
76709
76766
76870
76986
77076
77438
77454
77497
77504
77527
77567
77674
77742
77779
77793
77796
77938
77943
78015
78036
78064
78084
78095
78265
78332
78364
78433
78504
78521
78558
78561
78614
78670
78746
78769
78973
78974
78989
79035
79068
79076
79111
79135
79270
79289
79291
79298
79306
79308
79325
79349
79373
79430
79551
79720
79764
79821
79907
79985
79995
80257
80268
80644
80960
81121
81194
81238
81260
81264
81390
81419
81778
81947
81972
82027
82028
82038
82158
82238
82299
82339
82431
82446
82501
82892
82937
83039
83100
83186
83244
83265
83408
83425
83436
83438
83562
83596
83600
83619
83693
83755
83925
84038
84070
84208
84231
84260
84279
84294
84348
84411
84834
85166
85229
85385
85705
85709
85829
85856
85870
85894
85900
85918
86165
86174
86214
86289
86454
86499
86503
86520
86524
86630
86635
86650
86694
86706
86719
86726
86902
86940
87091
87098
87204
87238
87337
87398
87543
87787
87794
87883
87944
87974
88119
88179
88203
88204
88216
88285
88324
88350
88376
88531
88732
88742
88799
88893
88945
88993
89016
89061
89087
89398
89425
89463
89496
89538
89793
89845
89884
89980
90068
90076
90087
90351
90358
90370
90459
90528
90549
90563
90855
90882
90994
91113
91136
91151
91193
91313
91383
91386
91441
91538
91602
91733
91925
91947
91989
91992
92069
92098
92166
92264
92268
92278
92306
92322
92365
92452
92468
92572
92703
92754
92944
92985
93020
93100
93218
93460
93470
93535
93554
93606
93635
93654
93672
93677
93693
93754
93757
93870
93889
94046
94096
94201
94370
94392
94438
94466
94469
94525
94551
94563
94802
94837
95021
95035
95056
95106
95118
95165
95212
95227
95313
95350
95411
95539
95541
95646
95758
95783
95839
95972
96104
96165
96180
96241
96762
96767
96796
96880
96897
97021
97071
97085
97092
97109
97272
97281
97350
97397
97429
97459
97462
97536
97584
97626
97696
97865
97966
97987
98138
98149
98620
99357
99358
99380
99542
99543
99670
99764
99818
99934
100092
100162
100180
100248
100320
100441
100613
100648
100683
100863
100978
100987
101028
101037
101048
101109
101237
101399
101407
101425
101488
101512
101526
101589
101630
101669
101718
101721
101836
101841
101909
101971
102021
102038
102149
102178
102272
102366
102574
102749
102907
102931
103082
103129
103134
103142
103198
103214
103267
103269
103408
103477
103506
103644
103675
103928
104005
104007
104012
104038
104159
104282
104284
104321
104406
104441
104526
104603
104927
104928
104983
105060
105093
105309
105564
105588
105640
105803
105900
106048
106068
106168
106218
106267
106381
106468
106469
106483
106535
106589
106634
106668
106748
106758
106797
106827
106899
106914
106961
106981
107003
107076
107106
107125
107153
107162
107167
107226
107246
107316
107401
107406
107451
107538
107570
107583
107604
107769
107797
107798
107801
107876
107880
107888
107924
107961
107973
107995
108035
108062
108078
108401
108427
108465
108510
108588
108633
108731
108762
108774
109175
109229
109311
109498
109786
109808
110338
110347
110581
110806
110977
111001
111238
111404
111418
111419
111488
111539
111621
111667
111840
112136
112279
112499
112524
112528
112730
112764
112830
112864
112895
112931
112937
113021
113141
113199
113296
113335
113496
113498
113578
113713
113992
114042
114158
114168
114187
114211
114234
114278
114330
114336
114607
114638
114641
114785
114848
114891
114934
114969
115043
115207
115208
115362
115405
115426
115446
115488
115563
115679
115753
115890
116007
116044
116050
116105
116141
116286
116298
116308
116347
116434
116482
116520
116557
116558
116635
116642
116649
116760
116762
116776
117004
117170
117234
117276
117351
117352
117413
117423
117424
117538
117617
117824
117861
117927
117944
117979
118071
118084
118087
118101
118102
118138
118178
118390
118493
118561
118569
118593
118612
118619
118652
118657
118669
118671
118770
118952
119001
119079
119080
119094
119109
119133
119193
119204
119316
119349
119350
119394
119401
119560
119588
119648
119685
119758
119789
119873
119905
119908
119940
119991
120057
120072
120087
120145
120279
120348
120390
120568
120725
120828
120858
120866
120877
120952
120963
120974
121007
121031
121233
121262
121275
121355
121378
121409
121432
121455
121547
121643
121678
121753
121784
121853
121981
121991
122077
122143
122172
122200
122201
122243
122267
122310
122345
122401
122454
122457
122488
122509
122562
122630
122654
122754
122756
122757
122995
123055
123090
123115
123131
123272
123286
123382
123514
123546
123593
123618
123651
123655
123700
123721
123791
123792
123885
123948
123997
124019
124022
124076
124113
124149
124159
124184
124205
124253
124262
124291
124394
124423
124465
124586
124711
124770
124790
124798
124842
124887
124892
124988
125080
125167
125222
125271
125280
125281
125359
125393
125403
125427
125567
125652
125684
125703
125725
125727
125731
125745
125859
125899
125954
125970
126057
126133
126153
126168
126393
126394
126411
126447
126483
126513
126532
126548
126569
126740
126791
126839
126840
126871
126908
127055
127090
127107
127148
127225
127293
127416
127642
127680
127703
127722
127730
127789
127799
127803
127813
127893
127924
128068
128231
128293
128360
128500
128607
128654
128814
128903
128991
129060
129120
129183
129234
129257
129289
129299
129319
129340
129495
129632
129716
129813
129825
129831
129845
129859
129865
129870
129912
129947
130029
130030
130033
130037
130203
130250
130484
130493
130521
130523
130530
130634
130734
130746
130783
130807
130815
130840
130854
130908
130963
130970
131003
131078
131134
131143
131206
131254
131271
131351
131399
131477
131506
131508
131525
131540
131610
131671
131677
131689
131910
131927
132015
132066
132108
132179
132185
132194
132200
132219
132485
132593
132595
132598
132619
132684
132688
132787
132801
132866
132997
133007
133134
133155
133156
133165
133220
133257
133280
133310
133338
133346
133423
133493
133542
133565
133672
133713
133853
133872
133891
133985
134031
134054
134077
134085
134088
134113
134155
134156
134210
134259
134260
134264
134270
134331
134345
134354
134393
134557
134606
134640
134698
134764
134778
134789
134855
134913
134981
135046
135216
135349
135486
135953
135959
136082
136132
136147
136213
136265
136328
136453
136483
136519
136592
136676
136732
136825
136827
136828
136836
136917
136955
137166
137204
137231
137490
137570
137684
137704
137708
137726
137807
137821
137835
137844
137871
137880
137894
137898
137907
137908
137952
137953
137965
137974
138038
138046
138063
138077
138087
138097
138105
138131
138146
138157
138175
138231
138238
138294
138318
138356
138422
138586
138620
138633
138672
138684
138694
138744
138750
138800
138853
138875
138933
138937
138941
138956
138968
138970
138989
139021
139023
139026
139092
139180
139232
139246
139247
139248
139274
139297
139303
139312
139317
139319
139332
139337
139384
139410
139441
139524
139535
139549
139576
139598
139635
139639
139644
139666
139689
139692
139712
139760
139767
139785
139801
139802
139807
139850
139864
139902
139904
139929
139932
139953
139959
140038
140041
140048
140050
140058
140078
140100
140105
140110
140132
140142
140168
140173
140201
140251
140274
140282
140375
140392
140482
140508
140642
140720
140760
140801
140845
140949
140957
141101
141150
141168
141180
141269
141290
141336
141436
141439
141476
141477
141491
141555
141559
141584
141711
141712
141872
141911
142002
142015
142061
142125
142148
142182
142218
142239
142261
142269
142287
142408
142426
142458
142466
142556
142559
142560
142655
142688
142724
142758
142775
142782
142788
142800
142822
142841
142843
143002
143121
143154
143165
143179
143234
143334
143368
143458
143493
143514
143617
143656
143739
143813
143817
143872
143905
144001
144187
144207
144277
144379
144422
144480
144495
144619
144752
144766
144958
144964
145172
145173
145182
145187
145212
145338
145361
145405
145448
145492
145778
145922
146120
146132
146297
146349
146358
146369
146557
146578
146707
146716
146726
146819
146829
147067
147104
147203
147297
147432
147437
147460
147592
147620
147723
147885
147963
147995
148001
148021
148071
148072
148168
148269
148437
148530
148550
148661
148667
148707
148795
148808
148841
148859
149368
149381
149400
149408
149491
149649
149748
149943
149995
150093
150183
150216
150375
150510
150578
150615
150684
150776
150946
150968
151088
151143
151205
151264
151308
151423
151493
151572
151617
151651
151673
151680
151690
151736
151833
151916
152000
152176
152313
152372
152396
152425
152444
152540
152601
152639
152696
152741
152776
152813
152816
152838
152862
152900
152997
153068
153189
153271
153279
153329
153390
153498
153509
153519
153540
153585
153678
153690
153732
153755
153820
153859
153881
153989
154037
154049
154074
154109
154316
154380
154570
154649
154699
154702
154910
154966
154987
155080
155154
155318
155535
155686
155793
155798
155929
156117
156170
156187
156271
156451
156462
156481
156591
156727
156910
156930
156964
156996
157110
157158
157186
157212
157217
157719
157894
158016
158022
158042
158052
158188
158202
158260
158261
158287
158418
158423
158567
158681
158751
158769
158801
158841
158849
158895
158936
158946
158981
159015
159085
159163
159171
159319
159338
159385
159400
159523
159613
159638
159782
159804
159806
159850
159943
159959
160074
160213
160230
160250
160259
160268
160330
160422
160449
160503
160508
160541
160623
160653
160659
160688
160736
160743
160766
160788
160793
160824
161016
161107
161158
161185
161224
161292
161330
161509
161525
161538
161629
161659
161691
161714
161798
161806
161813
161832
161964
162047
162066
162127
162180
162197
162208
162315
162546
162551
162603
162660
162756
162965
162999
163048
163084
163127
163333
163358
163437
163588
164012
164149
164206
164211
164219
164253
164316
164481
164492
164493
164567
164748
164790
164791
164874
164926
165197
165253
165290
165341
165392
165483
165518
165709
165824
165836
166035
166054
166129
166141
166165
166168
166185
166443
166629
166704
166876
166909
166927
167002
167177
167224
167366
167466
167484
167499
167500
167641
167720
167729
167789
167849
167871
167995
168213
168363
168364
168474
168493
168502
168532
168540
168562
168616
168619
168673
168730
168731
168732
168862
168907
169141
169325
169918
170001
170014
170019
170089
170112
170301
170320
170483
170608
170627
170657
170680
170708
170819
170993
171044
171070
171094
171217
171239
171421
171453
171468
171513
171520
171522
171525
171548
171600
171601
171613
171633
171698
171785
171814
171833
171935
172083
172105
172111
172180
172201
172223
172278
172379
172604
172669
172723
172747
172761
172868
172882
172990
173002
173037
173038
173089
173100
173161
173235
173426
173430
173434
173446
173497
173519
173622
173803
173852
173927
173931
174026
174131
174138
174258
174314
174348
174503
174514
174602
174664
174714
174725
174768
174871
174950
174972
174995
175107
175143
175296
175331
175539
175593
175606
175624
175670
175671
175687
175736
175744
175793
176053
176083
176204
176542
176861
176973
177242
177247
177494
177582
177644
177817
177911
178096
178276
178320
178367
178499
178504
178715
178855
178908
179284
179570
179589
179671
179861
179885
179917
179942
180054
180057
180137
180218
180284
180309
180331
180332
180614
180651
180905
181121
181134
181161
181271
181277
181482
181484
181486
181530
181565
181599
181693
181815
181852
181892
181909
181936
181964
182064
182071
182158
182277
182281
182342
182361
182428
182455
182468
182479
182483
182495
182536
182799
182820
183028
183105
183379
183403
183457
183476
183608
183629
183711
183753
183759
183819
183826
183888
183990
184009
184017
184091
184219
184250
184312
184318
184322
184377
184383
184426
184504
184515
184548
184609
184740
184788
184815
185054
185150
185152
185166
185265
185283
185373
185430
185502
185680
185688
185693
185698
185726
185804
185809
185843
185900
185933
185960
185982
186068
186069
186331
186357
186384
186425
186521
186742
186808
186921
186931
187001
187247
187596
187602
187614
187630
187682
187710
187942
187950
187960
188015
188038
188111
188119
188188
188196
188207
188252
188408
188428
188465
188516
188517
188536
188608
188650
188747
188986
189387
189433
189535
189558
189715
189729
189843
189882
190127
190143
190412
190482
190539
190540
190554
190563
190625
190645
190666
190723
190724
190794
190868
191098
191127
191217
191359
191614
191744
191801
191908
192089
192110
192252
192266
192372
192474
192529
192624
192765
192855
192982
193178
193232
193253
193336
193344
193346
193349
193451
193519
193544
193579
193599
193632
193654
193713
193751
193911
194070
194139
194158
194352
194354
194468
194611
194612
194691
194740
194802
194872
195089
195142
195399
195423
195656
195738
195866
195929
195940
196036
196109
196209
196212
196220
196330
196336
196433
196441
196469
196530
196535
196589
196635
196698
196778
196802
196997
197204
197273
197291
197307
197317
197478
197572
197657
197824
197833
197877
197927
198018
198032
198078
198122
198126
198131
198446
198553
198690
198793
198821
198901
198921
199045
199223
199318
199340
199426
199549
199675
199876
199891
199935
199956
199961
199997
200057
200094
200134
200141
200181
200208
200237
200278
200314
200397
200412
200638
200749
200871
200897
201103
201171
201197
201214
201411
201412
201495
201567
201612
201681
201740
201868
201908
202039
202047
202073
202082
202089
202195
202336
202357
202371
202373
202543
202616
202622
202782
202825
202842
202944
202946
202948
203075
203245
203417
203457
203538
203593
203712
203966
204180
204271
204416
204698
205050
205103
205539
205710
205735
205782
206293
206442
206652
206679
206695
206723
206741
206831
206866
206880
206881
206904
207045
207226
207255
207369
207385
207434
207552
207562
207568
207613
207627
207633
207737
207840
207868
207892
208075
208251
208318
208341
208349
208393
208488
208522
208564
208604
208648
208717
208746
208768
208825
208848
209114
209142
209176
209215
209245
209408
209489
209526
209529
209604
209695
209749
209750
209837
209872
209997
210052
210142
210165
210258
210470
210498
210550
210559
210678
210696
210729
210730
210864
210888
210922
210947
210953
210961
211016
211171
211258
211329
211540
211594
211602
211665
211840
212037
212208
212226
212327
212369
212417
212418
212491
212857
212878
212931
212961
213004
213039
213218
213254
213457
213742
213750
213767
213783
213795
213956
214249
214278
214491
214655
214705
214829
214884
214990
215246
215611
215631
215798
215856
215874
215904
215906
215938
215981
216000
216054
216208
216216
216222
216250
216255
216270
216303
216342
216462
216482
216514
216566
216575
216696
216811
216812
216871
217092
217144
217158
217188
217217
217271
217378
217468
217521
217631
217776
217804
217808
217880
217953
217975
218000
218003
218036
218037
218038
218055
218064
218077
218100
218130
218153
218156
218341
218347
218386
218403
218418
218444
218450
218490
218577
218584
218627
218632
218661
218674
218675
218717
218740
218741
218792
218801
218806
218811
218937
219022
219028
219078
219080
219184
219208
219251
219301
219348
219349
219508
219510
219520
219525
219538
219592
219595
219625
219668
219721
219750
219797
219850
219880
219919
220050
220071
220121
220173
220256
220408
220608
220614
220648
220688
220810
220979
220989
220996
221001
221008
221015
221040
221058
221167
221192
221207
221368
221371
221447
221631
221712
221789
221813
221933
222049
222051
222137
222186
222221
222228
222260
222377
222398
222436
222451
222487
222585
222679
222682
222759
222883
222978
223034
223092
223148
223175
223212
223240
223339
223347
223434
223435
223634
223678
223743
223744
223788
224067
224091
224092
224094
224095
224161
224202
224212
224282
224329
224332
224334
224629
224658
224669
224676
224702
224730
224775
224891
224997
225053
225099
225104
225138
225153
225240
225347
225348
225504
225533
225583
225697
225719
225815
225915
226105
226130
226138
226174
226309
226403
226414
226511
226569
226578
226598
226785
226830
226871
226880
226888
226961
226970
226998
227018
227180
227193
227211
227321
227333
227351
227438
227493
227497
227505
227548
227577
227620
227676
227811
227871
227939
228012
228030
228042
228107
228151
228278
228337
228360
228387
228479
228489
228490
228558
228601
228651
228696
228798
228818
228875
229009
229081
229126
229133
229143
229168
229211
229310
229406
229410
229473
229532
229566
229619
229775
229804
229806
229826
229941
230033
230041
230076
230101
230159
230320
230420
230494
230556
230585
230622
230805
231027
231068
231080
231121
231261
231292
231328
231381
231604
231667
231683
231826
232141
232170
232304
232635
232663
232700
232810
232886
232895
232896
232921
232955
233354
233481
233497
233599
233653
233700
233759
233941
234034
234461
234517
234526
234577
234677
234687
234786
234836
234946
235012
235040
235066
235105
235159
235191
235238
235380
235442
235443
235524
235541
235554
235566
235632
235693
235788
235852
235902
235910
235919
235920
236149
236152
236390
236515
236541
236550
236597
236599
236790
236992
237139
237213
237269
237378
237452
237644
237778
237901
237977
238158
238167
238222
238491
238496
238710
238711
238831
238833
238912
238920
239053
239230
239232
239253
239282
239332
239335
239418
239481
239702
239765
239790
239865
239910
239961
239964
240129
240137
240219
240265
240282
240310
240539
240619
240651
240779
240785
240803
240844
240915
241296
241492
241581
241635
241758
241773
241846
241921
242215
242227
242257
242414
242432
242503
242524
242697
242751
242762
242831
242905
242970
242985
242987
242997
243108
243124
243221
243245
243309
243318
243435
243535
243562
243574
243582
243652
243760
243791
243917
243948
243962
243968
243985
244039
244040
244139
244165
244170
244224
244434
244496
244554
244614
244633
244867
244869
244871
244889
244979
244994
244997
245006
245009
245057
245118
245151
245160
245184
245185
245192
245310
245486
245561
245629
245640
245775
245819
245871
245940
245977
246030
246063
246344
246473
246504
246518
246537
246548
246550
246552
246754
246839
246934
247188
247248
247298
247381
247546
247775
247843
247864
247937
247964
248062
248082
248159
248194
248238
248291
248307
248462
248479
248527
248664
248717
248787
248793
248801
248938
249015
249044
249046
249117
249154
249254
249285
249380
249515
249524
249539
249647
249773
249862
249965
250250
250279
250280
250320
250398
250439
250474
250514
250518
250751
250785
250885
250959
250996
251054
251065
251197
251323
251411
251414
251423
251441
251457
251458
251497
251809
251937
251938
252037
252075
252154
252249
252428
252477
252541
252579
252655
252687
252702
252714
252792
252818
252867
252902
253025
253049
253168
253260
253506
253512
253889
253903
253937
253938
253954
254049
254055
254112
254160
254161
254226
254381
254408
254526
254595
254625
254645
254755
254804
254848
255008
255088
255207
255276
255426
255455
255577
255638
255780
256001
256034
256064
256067
256361
256497
256626
256689
256792
256939
257467
257523
257536
257600
257625
257667
257747
257777
257900
257901
257970
257992
258156
258158
258377
258383
258399
258438
258445
258473
258505
258526
258585
258774
258803
258804
258855
258936
258965
258982
259185
259206
259213
259384
259399
259536
259592
259926
260055
260068
260073
260104
260121
260198
260259
260314
260355
260435
260482
260566
260772
260887
261129
261150
261167
261246
261261
261466
261597
261712
261776
261896
261946
261982
262367
262530
262565
262777
262885
262967
263052
263071
263111
263126
263134
263303
263439
263497
263507
263767
263901
264175
264286
264316
264348
264364
264378
264441
264452
264458
264506
264547
264600
264709
264753
264813
264869
264894
264917
264941
265023
265053
265069
265093
265139
265149
265172
265244
265375
265452
265465
265483
265498
265526
265611
265616
265617
265624
265748
265774
265783
265843
265853
265875
265898
265961
265971
265991
266049
266055
266086
266095
266163
266182
266193
266202
266210
266238
266247
266259
266270
266271
266292
266294
266295
266302
266314
266404
266416
266456
266460
266478
266637
266687
266774
266813
266900
266902
266984
267071
267269
267328
267363
267423
267443
267586
267652
267658
267681
267721
267768
267780
267829
267838
267952
267991
268123
268232
268278
268288
268293
268415
268433
268434
268443
268447
268484
268493
268506
268518
268641
268663
268674
268730
268738
268743
268772
268816
268838
268875
268948
268956
268979
268981
268997
269101
269109
269182
269404
269501
269513
269527
269537
269661
269669
269694
269804
269822
269836
269861
269868
269904
269922
270038
270046
270111
270118
270216
270445
270544
270612
270683
270700
270716
270759
270848
270888
270889
271025
271111
271114
271117
271174
271227
271327
271363
271495
271540
272034
272042
272107
272121
272163
272234
272267
272270
272279
272406
272481
272492
272493
272593
272767
272770
272815
272834
272946
273005
273038
273114
273128
273173
273226
273269
273355
273407
273442
273461
273527
273582
273655
273679
273726
273740
273742
273819
273844
273871
273984
274125
274129
274160
274161
274225
274246
274277
274286
274377
274385
274432
274506
274526
274549
274609
274691
274719
274760
274798
274802
274853
275010
275040
275096
275097
275103
275147
275176
275195
275232
275275
275285
275389
275397
275403
275410
275433
275617
275682
275716
275755
275780
275784
275793
275849
275888
275916
275925
275939
275942
275957
276050
276131
276169
276198
276236
276267
276275
276331
276392
276393
276413
276442
276480
276562
276573
276623
276636
276703
276794
276812
276825
276843
276900
276901
276908
276937
276996
277029
277126
277147
277243
277305
277335
277336
277353
277395
277424
277502
277511
277639
277684
277710
277711
277759
277784
277866
277882
277922
277924
277943
277953
277963
277981
277985
277998
278129
278190
278213
278223
278270
278306
278334
278338
278350
278371
278386
278423
278531
278532
278572
278623
278850
278866
278912
278929
278988
278990
279026
279043
279046
279130
279185
279190
279204
279370
279377
279381
279427
279445
279475
279510
279535
279569
279630
279656
279668
279684
279775
279898
279920
280003
280065
280066
280080
280172
280200
280220
280262
280425
280455
280617
280645
280722
280729
280745
280783
280785
280823
280860
280888
280898
280901
280908
281008
281043
281090
281247
281277
281323
281412
281484
281487
281494
281610
281632
281642
281674
281700
281710
281718
281720
281798
281818
281876
281895
281911
281963
282045
282129
282235
282247
282288
282304
282315
282348
282390
282413
282474
282506
282584
282719
282720
282724
282764
282768
282803
282809
282906
282911
282912
282936
283003
283007
283104
283278
283306
283320
283323
283460
283489
283552
283581
283592
283601
283611
283674
283690
283757
283763
283891
283909
283969
284080
284126
284171
284241
284493
284532
284543
284551
284602
284609
284673
284703
284712
284730
284789
284806
284808
284848
284885
285008
285010
285046
285084
285136
285152
285212
285239
285297
285391
285455
285472
285476
285572
285590
285591
285622
285639
285678
285688
285696
285712
285725
285890
285934
285977
286021
286239
286249
286268
286303
286314
286425
286600
286638
286702
286761
286830
286855
286857
286965
286989
286999
287014
287056
287113
287166
287178
287259
287392
287565
287588
287730
287825
287835
288209
288253
288284
288465
288470
288608
288613
288643
288834
289035
289090
289096
289183
289211
289238
289282
289413
289418
289459
289475
289529
289545
289560
289598
289643
289674
289675
289698
289760
289802
289828
289874
290005
290007
290053
290160
290258
290260
290266
290373
290458
290547
290704
290741
290984
290986
290990
291007
291052
291195
291367
291377
291384
291520
291526
291538
291763
291784
291990
292016
292083
292136
292228
292441
292445
292695
292728
292754
292982
292989
293092
293189
293239
293280
293298
293306
293392
293436
293762
293790
293816
293973
294031
294036
294085
294109
294153
294229
294244
294251
294338
294354
294360
294371
294390
294447
294555
294564
294600
294616
294639
294640
294765
294794
294806
294947
295043
295127
295151
295221
295226
295338
295357
295484
295493
295514
295579
295594
295679
295699
295705
295792
296068
296180
296271
296309
296434
296454
296639
296654
296663
296676
296691
296719
296794
296827
296831
296844
296859
296883
296885
296887
296939
296956
297014
297055
297169
297240
297381
297401
297443
297446
297447
297503
297519
297528
297633
297653
297680
297716
297804
297838
297901
297911
297983
297991
298011
298083
298204
298288
298289
298300
298369
298384
298413
298446
298495
298507
298629
298653
298663
298722
298752
298775
298794
298889
298994
299004
299046
299319
299326
299340
299396
299405
299505
299506
299530
299795
299808
299835
299869
300075
300226
300232
300260
300305
300334
300375
300523
300550
300592
300658
300699
300712
300733
300795
300806
300852
300854
300985
301024
301085
301122
301132
301216
301265
301407
301614
301651
301652
301667
301683
301691
301742
301825
301850
301946
301990
302046
302050
302060
302073
302089
302139
302214
302230
302354
302372
302578
302666
302736
302742
302838
302878
303056
303138
303151
303207
303210
303264
303302
303335
303338
303341
303343
303418
303430
303526
303556
303685
303703
303731
303746
303768
303821
303897
303906
304083
304248
304302
304383
304389
304508
304512
304623
304771
304856
305024
305060
305205
305233
305338
305461
305557
305669
305670
305688
305704
305729
305750
305752
305826
305899
305965
305997
306071
306133
306143
306160
306204
306245
306310
306524
306564
306587
306595
306619
306653
306670
306719
306742
306743
306770
306811
306837
306848
306990
307229
307237
307242
307315
307343
307357
307412
307492
307497
307518
307542
307557
307571
307575
307628
307678
307705
307734
307750
307832
307885
307906
307928
308038
308047
308060
308077
308098
308166
308297
308391
308411
308466
308504
308715
308738
308827
308834
308851
308913
308940
309052
309078
309243
309245
309246
309442
309444
309519
309568
309578
309658
309722
309739
309834
309840
309961
309989
310040
310072
310090
310094
310097
310125
310240
310272
310330
310378
310405
310532
310544
310562
310598
310636
310639
310643
310680
310701
310729
310731
310740
310785
310797
310975
311127
311137
311223
311228
311244
311370
311397
311428
311489
311491
311534
311656
311684
311693
311755
311896
311908
311982
311983
312112
312158
312163
312200
312233
312341
312467
312509
312631
312770
312923
313003
313254
313275
313401
313405
313417
313423
313484
313514
313670
313773
313790
313929
314071
314123
314141
314146
314220
314222
314345
314468
314600
314724
315196
315207
315222
315278
315331
315365
315426
315458
315617
315622
315640
315769
315788
315816
315817
315831
316026
316035
316039
316067
316088
316099
316174
316182
316254
316255
316269
316352
316385
316407
316434
316463
316471
316514
316599
316647
316655
316674
316716
316773
316886
316891
316952
317061
317071
317085
317179
317212
317216
317280
317281
317349
317365
317388
317448
317573
317748
317756
317762
317801
317837
317850
317912
317918
318093
318096
318111
318151
318177
318216
318228
318232
318349
318393
318420
318428
318454
318539
318623
318697
318715
318777
318802
318806
318820
318859
318916
318922
318926
318927
318973
318989
318990
319034
319060
319075
319081
319208
319375
319405
319509
319534
319639
319674
319837
319856
319874
319885
320008
320093
320144
320300
320315
320336
320346
320401
320633
320693
320708
320788
320881
320887
320967
320970
321033
321038
321178
321190
321196
321350
321462
321485
321502
321608
321754
322016
322025
322066
322307
322386
322435
322625
322721
322790
322887
322940
322951
322969
323049
323058
323111
323130
323220
323223
323227
323367
323411
323526
323569
323579
323589
323647
323662
323811
323814
323828
323868
323905
323975
323984
324092
324103
324112
324120
324153
324172
324220
324235
324304
324334
324365
324376
324445
324598
324599
324966
324975
324978
325060
325084
325116
325182
325184
325193
325207
325243
325311
325499
325659
325710
325740
325803
325807
325830
325857
325862
325909
325987
326048
326091
326123
326133
326157
326230
326231
326268
326367
326512
326532
326544
326556
326612
326635
326643
326752
326793
326799
326894
326911
326924
327045
327089
327118
327123
327126
327247
327248
327324
327664
327773
327899
327951
327952
327975
327980
328214
328227
328243
328273
328275
328363
328415
328446
328450
328474
328492
328706
328733
328765
328852
329009
329039
329197
329271
329340
329374
329420
329464
329577
329618
329651
329709
329832
329839
330056
330114
330123
330172
330206
330245
330254
330255
330284
330328
330368
330454
330713
330737
330923
331071
331232
331236
331266
331345
331397
331541
331584
331809
331871
331876
331906
331932
332070
332079
332099
332139
332154
332246
332282
332284
332319
332385
332423
332452
332584
332609
332632
332639
332642
332680
332683
332730
332800
332860
332863
332884
332885
333112
333157
333159
333238
333253
333266
333311
333532
333615
333757
333775
333786
333812
333825
333864
333878
333914
333972
333978
334054
334312
334502
334530
334547
334653
334658
334775
335002
335012
335084
335220
335282
335444
335670
335727
335861
335966
335967
336071
336120
336161
336218
336223
336237
336351
336389
336429
336588
336700
336878
337007
337035
337059
337108
337191
337292
337358
337386
337484
337497
337532
337539
337595
337805
337863
337874
337915
337935
337974
338199
338257
338307
338356
338486
338735
338859
338876
338944
339126
339234
339333
339404
339419
339479
339543
339653
339691
339744
339750
339751
339791
339818
339976
340000
340121
340343
340533
340580
340581
340674
340680
340735
340816
340817
340932
340997
341047
341088
341089
341105
341157
341189
341243
341244
341293
341497
341557
341632
341635
341742
341791
341810
341854
341878
341924
342040
342050
342055
342087
342189
342303
342395
342412
342448
342493
342514
342524
342549
342552
342586
342589
342647
342775
342794
342796
342897
342910
342912
342926
342927
342966
343013
343022
343032
343101
343119
343130
343205
343335
343437
343468
343534
343592
343633
343702
343736
343833
343845
343848
343849
343927
343939
343960
343990
344000
344046
344051
344111
344120
344182
344213
344302
344315
344390
344637
344656
344679
344834
344954
345078
345220
345256
345294
345347
345410
345419
345439
345442
345456
345463
345506
345588
345691
345769
345775
345799
345823
345970
346093
346110
346183
346259
346294
346435
346470
346632
346679
346732
346733
346838
346839
346841
346869
346912
346996
346998
346999
347143
347165
347179
347198
347199
347247
347268
347316
347328
347366
347410
347416
347645
347684
347697
347761
347793
347799
347894
347903
347918
347930
347931
347984
347985
348025
348045
348129
348241
348257
348310
348493
348521
348528
348537
348539
348566
348583
348626
348645
348665
348710
348731
348765
348768
348784
348806
348909
349140
349232
349241
349356
349370
349448
349554
349570
349624
349664
349678
349720
349764
349807
349812
349955
349973
350101
350150
350171
350190
350295
350433
350444
350456
350531
350563
350616
350819
350844
351047
351088
351175
351200
351222
351251
351258
351260
351277
351309
351348
351393
351396
351463
351470
351528
351626
351681
351810
351981
352065
352072
352159
352221
352296
352302
352312
352403
352528
352574
352701
352706
352786
352941
352991
353056
353309
353311
353334
353352
353461
353550
353576
353851
353941
353949
354127
354177
354306
354435
354531
354533
354622
354628
354752
354761
354877
355037
355120
355190
355311
355347
355481
355567
355661
355702
355831
355832
355842
355892
355893
355935
355937
355938
355958
356128
356154
356161
356265
356284
356329
356385
356513
356552
356561
356583
356612
356634
356778
356853
356930
356931
356938
356952
357108
357146
357199
357291
357364
357372
357500
357502
357575
357731
357891
357926
357972
358174
358227
358271
358329
358334
358335
358356
358360
358362
358490
358548
358561
358627
358694
358730
358761
358961
359159
359166
359210
359339
359409
359443
359571
359585
359614
359688
359736
359851
360026
360090
360189
360244
360256
360331
360340
360382
360383
360422
360586
360599
360717
360722
360736
360834
360982
360987
361029
361031
361032
361039
361072
361209
361232
361287
361353
361374
361444
361506
361525
361725
361817
361826
361883
361939
362004
362043
362044
362092
362099
362162
362295
362407
362508
362520
362546
362643
362656
362682
362842
362913
363015
363091
363136
363266
363295
363314
363713
363755
363775
363841
364068
364096
364145
364185
364187
364192
364259
364270
364317
364465
364552
364559
364671
364702
364757
364767
364808
364968
365052
365112
365165
365201
365243
365250
365262
365352
365359
365374
365444
365472
365522
365579
365611
365660
365682
365701
365772
365828
365829
365858
365863
365950
365970
365981
365995
366102
366115
366138
366188
366221
366230
366236
366283
366291
366394
366539
366555
366730
366794
366877
366922
366931
366933
366984
367110
367121
367131
367149
367281
367333
367480
367534
367720
367805
367844
367871
367915
367918
367980
368057
368065
368116
368170
368174
368278
368286
368305
368309
368332
368339
368381
368435
368463
368545
368559
368647
368684
368714
368760
368781
368786
368811
368837
368841
369125
369232
369254
369274
369384
369469
369491
369493
369807
369825
369857
370121
370289
370291
370431
370471
370472
370532
370604
370607
370619
370634
370642
370980
371083
371171
371271
371294
371439
371838
372044
372064
372269
372301
372324
372559
372560
372861
372931
372968
372981
373002
373095
373120
373140
373151
373188
373365
373488
373502
373570
373747
373902
374066
374090
374101
374154
374174
374260
374270
374328
374553
374643
374675
374833
374878
375054
375152
375248
375301
375348
375368
375441
375530
375637
375739
375780
375920
375928
375972
376040
376059
376068
376135
376462
376540
376857
376858
377115
377120
377503
377516
377570
377644
377716
377951
377962
378236
378252
378272
378279
378458
378471
378472
378660
378996
379078
379087
379319
379365
379460
379545
379555
379581
379634
379658
379746
379810
379821
379839
379956
380048
380061
380177
380197
380246
380323
380443
380578
380596
380675
380681
380724
381031
381032
381280
381333
381337
381343
381356
381463
381583
381623
381843
381924
381957
382029
382062
382077
382103
382166
382398
382412
382429
382500
382542
382564
382686
382732
382832
382958
383091
383230
383305
383364
383410
383618
383639
383705
383744
383771
383832
383875
383932
384032
384045
384107
384140
384421
384517
384518
384576
384583
384638
384662
384682
384903
384969
385005
385106
385263
385272
385359
385576
385798
385942
386187
386220
386241
386316
386346
386401
386595
386614
386653
386690
386696
386844
386884
386904
386942
387031
387048
387108
387154
387228
387472
387476
387566
387708
387778
387819
387824
387899
387963
387992
388013
388063
388100
388102
388182
388194
388199
388298
388343
388371
388416
388539
388558
388565
388577
388596
388661
388748
388768
388891
389047
389097
389234
389243
389282
389291
389297
389324
389329
389360
389496
389532
389543
389577
389611
389742
389775
389777
389788
389830
389859
389882
389986
390043
390069
390222
390304
390341
390359
390445
390473
390499
390537
390547
390576
390598
390696
390882
390932
390947
391083
391256
391262
391266
391268
391289
391505
391517
391520
391565
391641
391679
391684
391741
391793
391901
391916
392157
392204
392395
392431
392433
392662
392664
392799
392893
392908
393052
393095
393118
393190
393274
393277
393302
393369
393406
393459
393489
393683
393699
393715
393726
393852
394113
394135
394235
394242
394356
394369
394440
394529
394681
394711
394743
394758
394906
395019
395033
395074
395095
395162
395171
395174
395319
395369
395435
395485
395573
395591
395642
395748
395793
395813
395827
395864
395871
396047
396061
396078
396126
396143
396273
396328
396335
396376
396418
396424
396427
396455
396486
396552
396600
396665
396747
396824
397240
397271
397274
397349
397389
397554
397575
397615
397628
397833
397894
398049
398401
398515
398520
398763
398814
398911
398919
398937
399022
399023
399050
399094
399116
399196
399275
399423
399453
399561
399640
399663
399679
399721
399768
399851
399855
399882
399895
399900
399994
400133
400135
400402
400414
400433
400463
400493
400535
400638
400735
400781
400880
400896
400958
400965
400988
401023
401076
401120
401199
401218
401309
401312
401321
401395
401406
401725
401741
401748
401767
401787
401812
401872
401926
401942
401968
401975
401989
402078
402090
402101
402148
402211
402225
402226
402244
402313
402357
402412
402419
402427
402460
402507
402508
402562
402664
402675
402714
402753
402777
402814
402879
402916
402942
402998
403034
403045
403166
403170
403187
403211
403344
403355
403359
403404
403408
403424
403436
403495
403538
403562
403588
403592
403635
403672
403719
403738
403757
403759
403763
403765
403845
403852
403892
403912
403923
404056
404115
404192
404298
404302
404341
404405
404444
404613
404644
404708
404779
404856
404930
405076
405197
405227
405253
405343
405378
405449
405462
405490
405569
405604
405615
405620
405653
405657
405676
405694
405723
405815
406031
406098
406231
406301
406377
406442
406447
406451
406503
406597
406644
406763
406774
406808
406820
406844
406888
406998
407035
407113
407469
407513
407537
407612
407648
407695
407736
407751
407779
407794
407824
408105
408180
408401
408498
408560
408567
408766
408768
408829
408841
408842
409132
409276
409457
409483
409517
409572
409662
409689
409782
409847
409863
409940
409999
410010
410193
410209
410347
410354
410619
410635
410655
410807
410905
410908
410909
410914
411087
411100
411171
411296
411316
411382
411387
411413
411463
411526
411532
411564
411567
411576
411617
411902
411972
411984
412096
412149
412199
412256
412279
412296
412369
412370
412403
412409
412467
412468
412509
412520
412526
412553
412630
412633
412718
412820
412897
412913
412966
413004
413023
413042
413071
413170
413190
413208
413259
413269
413322
413417
413479
413576
413597
413606
413607
413654
413662
413688
413696
413712
413738
413750
413824
413971
414019
414027
414054
414082
414106
414108
414128
414181
414187
414273
414371
414422
414465
414476
414592
414688
414748
414752
414829
414847
414853
414855
415018
415142
415187
415303
415354
415412
415529
415544
415612
415631
415638
415644
415693
415942
415973
416037
416097
416118
416135
416190
416276
416394
416449
416455
416553
416574
416575
416772
416817
416916
416918
417128
417145
417146
417148
417253
417310
417390
417464
417591
417604
417645
417664
417796
417853
417920
418049
418090
418117
418155
418203
418213
418224
418247
418344
418358
418731
418935
418989
419044
419089
419100
419149
419153
419176
419185
419219
419223
419268
419271
419400
419416
419419
419420
419476
419477
419519
419525
419593
419763
419774
419799
419816
419818
419833
419857
420054
420206
420238
420295
420315
420324
420354
420361
420419
420493
420559
420626
420686
420772
420830
420915
421118
421133
421215
421223
421403
421427
421439
421610
421613
421677
421692
421754
421931
421980
422267
422289
422490
422615
422668
422670
422768
422807
422866
422897
422924
422941
423109
423185
423201
423214
423218
423222
423268
423511
423514
423653
423657
423744
423849
423913
423935
423979
423986
424010
424034
424069
424122
424127
424148
424155
424183
424213
424299
424319
424452
424485
424525
424538
424594
424598
424699
424740
424754
424934
424954
425222
425278
425299
425315
425322
425341
425355
425359
425450
425490
425504
425593
425619
425672
425717
425765
425779
425844
426012
426023
426039
426059
426060
426150
426312
426315
426405
426571
426602
426721
426756
426761
426771
426782
426788
426862
426898
426908
427300
427407
427427
427502
427567
427610
427661
427757
427865
427898
428010
428066
428094
428179
428184
428244
428315
428430
428466
428483
428587
428704
428707
428774
428906
428979
429032
429048
429216
429494
429787
429809
429844
429946
429983
430286
430303
430342
430512
430753
430797
431030
431077
431109
431140
431229
431231
431244
431278
431290
431700
431721
431722
431751
431753
431830
432045
432200
432270
432412
432438
432453
432537
432594
432784
432785
432837
432861
432971
433005
433074
433116
433146
433163
433218
433281
433292
433299
433309
433385
433417
433523
433603
433677
433774
433788
433842
433863
433928
433963
433992
434036
434136
434170
434335
434425
434426
434495
434514
434563
434577
434635
434709
434764
434911
434976
434988
435034
435145
435177
435178
435180
435235
435277
435328
435361
435552
435637
435654
435685
435704
435714
435724
435783
435831
435883
435959
436000
436028
436029
436120
436122
436204
436264
436302
436314
436318
436410
436413
436511
436536
436621
436735
436823
437055
437080
437187
437188
437237
437255
437297
437307
437584
437597
437615
437670
437821
437947
438076
438084
438085
438158
438181
438194
438325
438368
438475
438566
438840
439037
439093
439190
439209
439215
439298
439305
439393
439402
439405
439410
440022
440068
440110
440193
440232
440326
440333
440480
440513
440790
440815
440833
440923
440948
440967
440968
441250
441314
441351
441353
441422
441552
441565
441600
441612
441649
441660
441853
441854
441879
441899
441979
442007
442155
442368
442393
442432
442511
442533
442538
442716
442753
442754
442773
442790
442813
442970
443034
443096
443198
443203
443253
443294
443338
443486
443504
443531
443575
443601
443614
443697
443705
443834
443841
443869
443893
444009
444084
444105
444209
444329
444553
444605
444674
444703
444735
444801
444802
444828
444892
444895
444910
445066
445088
445118
445122
445227
445246
445263
445279
445321
445369
445404
445415
445477
445526
445564
445575
445630
445641
445686
445691
445694
445702
445775
445816
445827
445900
445967
446181
446222
446237
446244
446264
446623
446651
446755
446769
446780
446796
446878
446910
446935
447035
447101
447103
447201
447208
447210
447245
447277
447304
447335
447341
447350
447369
447410
447562
447570
447589
447606
447635
447664
447668
447695
447767
447862
447874
447947
448153
448188
448211
448294
448379
448385
448405
448460
448470
448478
448495
448496
448577
448586
448658
448688
448710
448716
448852
448944
448981
449008
449043
449151
449169
449180
449334
449388
449551
449622
449653
449670
449759
449801
449824
449848
449901
449942
449947
449949
449951
450029
450158
450166
450258
450289
450337
450570
450580
450689
450718
450787
450984
451014
451181
451314
451335
451401
451406
451467
451540
451558
451559
451589
451625
452023
452064
452109
452145
452288
452425
452440
452454
452626
452640
452645
452853
452979
453020
453024
453042
453053
453102
453144
453285
453301
453359
453422
453441
453443
453511
453664
453688
453712
453744
453812
454063
454078
454095
454178
454286
454358
454426
454437
454438
454449
454473
454520
454546
454560
454583
454634
454665
454888
454954
455032
455042
455091
455173
455219
455228
455246
455372
455399
455454
455516
455517
455544
455576
455622
455710
455771
455779
455881
456099
456165
456250
456333
456372
456466
456625
456648
456656
456815
456849
456903
456907
456985
457011
457053
457054
457075
457150
457167
457184
457251
457330
457353
457377
457555
457625
457802
457919
457952
458055
458104
458153
458193
458201
458209
458210
458261
458288
458352
458354
458356
458391
458419
458452
458553
458590
458668
458671
458885
458893
458896
458963
458992
459016
459059
459087
459097
459099
459218
459240
459290
459342
459495
459496
459508
459547
459548
459642
459719
459906
459969
460054
460081
460157
460226
460309
460341
460398
460478
460558
460730
460769
460934
460944
461050
461067
461249
461269
461337
461609
461667
461759
461807
461828
461948
461953
461958
462023
462079
462196
462227
462253
462256
462261
462363
462456
462460
462468
462516
462581
462685
462732
463041
463258
463319
463363
463420
463432
463638
463742
463817
463905
463922
463937
464058
464075
464138
464189
464237
464238
464324
464347
464399
464455
464470
464496
464507
464517
464544
464632
464659
464672
464687
464752
464770
464866
464969
464985
464989
465075
465079
465164
465261
465290
465381
465484
465488
465671
465712
465950
466151
466176
466183
466259
466442
466493
466572
466575
466623
466764
466769
466789
466855
467011
467063
467194
467313
467501
467581
467620
467654
467693
467780
467949
468024
468210
468403
468410
468511
468523
468632
468637
468658
468750
468754
468786
468796
468835
468862
468970
469043
469065
469106
469190
469191
469230
469351
469432
469447
469518
469582
469591
469626
469798
469801
469824
470108
470171
470189
470224
470304
470318
470319
470320
470435
470441
470507
470574
470623
470702
470785
470899
470957
470996
471018
471057
471158
471305
471389
471469
471557
471611
471677
471717
471723
471750
471895
471910
472234
472331
472353
472505
472618
472626
472713
472804
472837
472855
472906
472923
472936
473086
473113
473181
473256
473267
473285
473421
473433
473434
473478
473628
473732
473782
473848
473906
473918
474142
474159
474180
474251
474253
474297
474301
474329
474350
474494
474571
474598
474600
474749
474790
474807
475023
475033
475071
475194
475275
475276
475284
475293
475334
475379
475423
475454
475495
475544
475851
475905
475908
475958
475984
476026
476031
476261
476288
476297
476329
476378
476407
476443
476548
476562
476590
476605
476629
476679
476732
476789
477061
477168
477173
477179
477286
477305
477373
477422
477443
477444
477526
477541
477548
477560
477567
477571
477596
477617
477626
477671
477689
477810
477886
477938
477940
477961
478042
478173
478191
478254
478414
478458
478474
478503
478507
478536
478594
478604
478647
478694
478714
478717
478785
478807
478894
478911
478918
478931
478936
478967
478971
479021
479082
479192
479246
479253
479270
479310
479362
479378
479412
479419
479562
479686
479722
479727
479747
479841
479846
479937
479987
480022
480068
480082
480156
480158
480224
480277
480339
480347
480357
480429
480472
480489
480637
480699
480707
480754
480969
480998
481099
481108
481131
481245
481429
481498
481503
481588
481624
481733
481741
481787
481807
481940
482000
482194
482257
482347
482464
482497
482529
482558
482565
482567
482623
482686
482745
482959
483036
483051
483074
483182
483192
483256
483257
483291
483407
483412
483415
483509
483619
483627
483656
483741
483787
483804
483882
483969
484065
484081
484120
484235
484257
484433
484452
484470
484496
484513
484514
484688
484742
484783
484940
485132
485189
485252
485291
485331
485381
485432
485451
485463
485535
485547
485894
485896
485957
485972
485982
486020
486072
486083
486091
486220
486293
486294
486361
486398
486556
486593
486617
486665
486699
486756
486932
486936
486965
486991
486993
487053
487104
487108
487200
487201
487245
487247
487368
487466
487571
487632
487711
487740
487787
487864
487895
487942
487964
488023
488034
488052
488204
488224
488341
488439
488459
488645
488760
488809
488815
488819
488821
488822
488896
488930
488972
489042
489097
489277
489398
489417
489421
489433
489463
489557
489716
489878
489882
489985
489997
490009
490092
490094
490107
490116
490130
490234
490280
490302
490308
490339
490340
490358
490361
490415
490492
490541
490589
490595
490606
490778
490790
490794
490842
490873
490878
490880
490889
490927
491203
491225
491329
491330
491686
491694
491707
491745
491753
491777
491790
491802
491812
491817
491860
491992
492001
492040
492076
492166
492182
492214
492244
492291
492307
492340
492357
492383
492413
492471
492477
492518
492585
492627
492855
492862
492970
493038
493091
493107
493126
493150
493162
493221
493321
493359
493392
493416
493503
493508
493515
493556
493569
493610
493689
493712
493714
493727
493746
493765
493773
493784
493802
493819
493834
493882
493907
493923
493962
493983
494050
494051
494060
494063
494198
494262
494276
494321
494421
494428
494432
494454
494456
494482
494484
494490
494549
494645
494666
494698
494704
494721
494742
494764
494769
494791
494802
494810
494846
494941
494997
495059
495061
495062
495104
495172
495175
495202
495210
495333
495418
495459
495476
495522
495569
495605
495607
495618
495705
495789
495797
495858
495893
495954
496082
496111
496164
496216
496229
496328
496331
496459
496547
496553
496628
496688
496732
496854
496917
497074
497176
497335
497348
497353
497385
497459
497484
497514
497553
497657
497685
497741
497784
497793
497904
498029
498111
498113
498133
498153
498350
498437
498438
498448
498521
498524
498552
498619
498663
498681
498900
498912
499162
499166
499225
499259
499313
499314
499342
499356
499380
499396
499435
499449
499513
499599
499611
499713
499780
499946
500027
500080
500090
500157
500190
500295
500471
500490
500532
500673
500675
500761
500795
500912
500940
501094
501136
501150
501219
501245
501267
501274
501284
501335
501352
501406
501433
501492
501668
501837
501889
501964
502053
502144
502278
502342
502349
502602
502618
502620
502628
502668
502909
502996
503000
503032
503052
503062
503343
503401
503456
503497
503510
503547
503612
503716
503717
503847
503878
503938
503942
504002
504158
504333
504388
504405
504469
504504
504609
504659
504667
504722
504788
504862
504955
504956
505102
505166
505184
505196
505202
505216
505229
505237
505485
505654
505693
505713
505876
505880
505911
505918
506099
506142
506236
506242
506322
506447
506489
506601
506711
506716
506807
506857
506896
506908
506930
506955
507013
507130
507175
507200
507310
507427
507475
507553
507589
507591
507600
507637
507685
507836
507868
507916
508003
508069
508233
508364
508365
508411
508506
508530
508539
508560
508569
508705
508714
508747
508783
508813
508901
509030
509033
509068
509188
509256
509274
509300
509434
509733
509736
509740
509759
509799
509800
509861
509910
509911
509953
510000
510014
510015
510075
510116
510136
510138
510141
510144
510183
510205
510208
510262
510279
510281
510322
510325
510331
510485
510546
510563
510648
510674
510913
510930
510945
510986
511040
511081
511116
511244
511269
511309
511339
511368
511427
511444
511489
511506
511560
511600
511601
511604
511755
511805
511906
511919
512027
512139
512176
512182
512267
512316
512335
512353
512367
512368
512388
512399
512627
512718
512728
512746
512929
512950
513075
513158
513185
513422
513443
513503
513531
513596
513718
513742
513774
513828
513881
513943
514086
514106
514135
514236
514324
514449
514462
514506
514544
514586
514611
514612
514625
514963
515033
515089
515107
515150
515178
515182
515263
515316
515376
515412
515461
515487
515602
515896
516098
516156
516199
516202
516221
516265
516268
516377
516571
516623
516629
516697
516823
516923
517033
517034
517051
517193
517303
517344
517475
517505
517507
517626
517645
517674
517693
517712
517797
517832
517866
517941
517972
518015
518037
518135
518173
518198
518234
518322
518363
518564
518668
518683
518792
518865
518868
518886
518957
519035
519047
519048
519164
519166
519289
519330
519375
519549
519776
519785
519872
519909
520049
520088
520125
520245
520292
520305
520339
520366
520527
520566
520596
520700
520760
520926
520947
520958
521005
521056
521105
521174
521335
521366
521388
521391
521398
521427
521527
521598
521635
521695
521712
521822
521860
521870
521902
521917
521925
521980
522084
522087
522179
522463
522958
522967
522973
523135
523219
523368
523390
523391
523392
523395
523715
523757
523841
523876
523938
524043
524049
524143
524340
524553
524604
524608
524626
524831
524899
525055
525084
525113
525159
525239
525245
525370
525387
525451
525463
525573
525620
525650
525787
525822
525824
525840
525986
526060
526187
526201
526215
526303
526472
526517
526536
526550
526588
526622
526649
526854
526870
526877
526907
526915
527010
527011
527102
527110
527199
527232
527424
527426
527434
527458
527497
527619
527626
527684
527805
527832
527906
528135
528365
528410
528450
528461
528482
528563
528580
528597
528611
528627
528738
528778
528800
528806
528861
528886
528891
528905
528993
529027
529028
529111
529115
529253
529255
529294
529302
529323
529368
529581
529610
529709
529733
529825
529842
529867
529896
529934
529935
530153
530181
530200
530292
530321
530361
530371
530465
530468
530676
530756
530851
530921
530939
530998
531243
531381
531623
531679
531742
531919
532014
532055
532173
532348
532352
532358
532475
532478
532601
532609
532610
532616
532645
532803
532850
532913
533002
533054
533113
533204
533491
533533
533826
533987
534026
534118
534136
534152
534287
534292
534296
534305
534326
534377
534380
534428
534438
534544
534615
534616
534665
534667
534759
534766
535230
535232
535234
535295
535304
535338
535513
535516
535593
535741
535863
535876
535886
535996
536077
536128
536259
536295
536361
536421
536429
536433
536470
536501
536534
536546
536589
536676
536749
536765
536786
536918
536974
537034
537232
537316
537372
537521
537538
537546
537583
537646
537698
537705
537707
537843
538037
538060
538069
538118
538140
538148
538217
538377
538438
538441
538503
538531
538552
538708
538761
538762
538763
538764
538996
539026
539059
539117
539157
539206
539272
539394
539501
539622
539677
539850
540121
540130
540439
540489
540645
540742
540764
540929
541135
541218
541289
541389
541400
541407
541422
541613
541730
541804
541895
541969
541997
542097
542155
542174
542327
542459
542529
542589
542633
542669
542763
542781
542784
542824
543053
543220
543249
543267
543313
543498
543577
543675
543693
543735
543832
543942
544204
544433
544452
544469
544512
544556
544570
544587
544602
544622
544633
544662
544741
544745
544866
544924
545099
545131
545135
545237
545238
545324
545407
545415
545557
545638
545835
545845
545874
545993
546087
546486
546583
546614
546632
546643
546678
546699
546722
546897
547034
547061
547223
547853
547890
548020
548164
548203
548220
548260
548305
548356
548785
548864
548865
549030
549093
549166
549221
549323
549343
549344
549395
549462
549472
549518
549576
549577
549586
549624
549698
549748
549790
550002
550125
550146
550220
550225
550233
550529
550549
550573
550579
550625
550699
550819
550853
550963
551024
551310
551677
551879
552072
552208
552235
552463
552539
552560
552709
552766
552767
552768
552811
552859
552860
552895
552973
552989
552992
553005
553063
553275
553288
553338
553354
553480
553655
553749
553772
553836
553864
553919
553923
553943
553985
554048
554068
554260
554273
554365
554367
554626
554790
554816
554856
554925
554985
554991
555063
555251
555260
555352
555415
555438
555519
555593
555621
555669
555867
555888
555928
556402
556423
556460
556633
556653
556770
556781
556814
556823
556889
556909
556922
556976
556982
556985
556987
557089
557121
557193
557208
557230
557466
557514
557627
557717
557741
557783
557887
557984
557988
558066
558202
558263
558392
558400
558406
558438
558443
558470
558612
558653
558674
559034
559096
559201
559266
559307
559312
559336
559387
559398
559453
559487
559761
559773
559786
559811
559833
559836
559873
559926
559972
560005
560074
560098
560121
560232
560272
560326
560389
560535
560580
560584
560599
560618
560798
560819
560908
560923
561272
561297
561359
561367
561387
561571
561592
561607
561709
561764
561801
561835
561842
561848
561867
562243
562253
562259
562291
562292
562341
562370
562375
562389
562405
562488
562496
562510
562554
562652
562660
562677
562825
562870
562996
563002
563023
563195
563248
563401
563453
563491
563668
563690
563697
563937
564267
564268
564415
564570
564608
564751
564989
565035
565054
565056
565057
565060
565176
565184
565363
565488
565502
565527
565594
565638
565714
565723
565775
565812
565902
566052
566087
566169
566190
566215
566241
566246
566273
566380
566422
566489
566500
566520
566560
566640
566649
566691
566705
566832
566997
567103
567255
567294
567308
567333
567376
567383
567420
567426
567853
567970
568002
568018
568051
568242
568502
568672
568977
569001
569070
569186
569621
569952
569955
569994
570053
570176
570185
570294
570340
570353
570354
570426
570437
570600
570751
570939
570962
570979
571055
571060
571166
571256
571270
571609
571757
571758
571875
571895
571964
572051
572136
572317
572527
572636
572689
572696
572706
572746
572748
572837
572872
572937
573022
573068
573117
573448
573459
573575
573635
573783
573858
574059
574115
574175
574358
574519
574593
574912
574973
574989
575047
575096
575170
575192
575249
575301
575416
575626
575990
576063
576070
576149
576192
576193
576255
576256
576270
576304
576387
576429
576571
576663
576676
576813
576892
577134
577144
577184
577203
577215
577287
577288
577535
577586
577858
578302
578314
578543
578544
578636
578639
578655
578771
578803
578841
578846
578866
578882
578996
579117
579142
579209
579252
579257
579329
579343
579415
579466
579486
579496
579600
579629
579884
579915
580006
580232
580287
580361
580452
580454
580540
580552
580563
580564
580691
580919
580944
581077
581297
581470
581545
581650
581714
581856
581997
582073
582297
582323
582369
582617
582646
582707
582712
582713
582736
583061
583078
583266
583316
583347
583393
583448
583449
583513
583534
583541
583547
583633
583901
583915
584153
584223
584329
584482
584720
584791
584927
584931
584935
585106
585125
585136
585208
585264
585318
585358
585365
585366
585377
585620
585726
585867
585967
586024
586038
586064
586070
586102
586135
586169
586194
586258
586352
586400
586434
586459
586462
586508
586621
586622
586711
586714
586717
586768
586782
586945
586987
587009
587076
587100
587188
587342
587379
587565
587570
587592
587674
587683
587777
587888
588018
588044
588215
588356
588575
588751
588752
588813
588848
588849
588878
589016
589068
589105
589149
589235
589243
589249
589252
589359
589411
589525
589560
589702
589723
589749
589820
589828
589869
589874
589968
589985
590073
590075
590076
590108
590247
590269
590293
590390
590443
590466
590493
590533
590588
590589
590689
590698
590716
590718
590850
591142
591271
591361
591420
591428
591438
591521
591530
591589
591590
591697
591793
591798
591935
592166
592199
592223
592322
592363
592405
592413
592497
592640
592692
592760
592772
593021
593052
593088
593224
593254
593267
593316
593328
593330
593384
593471
593489
593578
593646
593705
593737
593822
593923
593997
594059
594298
594385
594424
594525
594547
594641
594646
594675
594766
594840
594906
594918
594927
595163
595172
595189
595203
595304
595410
595444
595462
595530
595536
595578
595630
595637
595639
595695
596065
596083
596109
596276
596411
596435
596471
596530
596566
596664
596806
596808
596866
596881
596969
597162
597276
597353
597432
597462
597482
597484
597495
597498
597523
597574
597763
597975
598261
598317
598368
598395
598479
598511
598556
598557
598586
598595
598638
598673
598796
598871
598972
599068
599074
599102
599125
599170
599212
599261
599303
599322
599348
599384
599616
599620
599623
599798
600111
600196
600289
600318
600355
600403
600668
600675
600721
600774
600787
600886
600960
601039
601243
601313
601362
601392
601547
601556
601587
601665
601704
601931
602000
602021
602023
602114
602186
602260
602467
602496
602540
602578
602615
602633
602682
602797
602832
602947
603056
603059
603073
603245
603343
603454
603484
603677
603754
603913
603939
604064
604154
604176
604293
604321
604452
604481
604498
604521
604600
604624
604960
605055
605056
605101
605296
605352
605399
605423
605443
605520
605560
605746
605924
606184
606214
606396
606659
606733
606748
606783
606785
606794
606827
606835
607089
607121
607203
607224
607274
607282
607348
607350
607374
607412
607585
607604
607621
607626
607737
607761
607788
607877
607965
607983
608025
608182
608234
608248
608347
608432
608605
608704
608797
608819
608835
608916
609076
609401
609481
609530
609559
609695
609697
609721
609883
609890
609897
610009
610019
610037
610053
610114
610132
610242
610279
610480
610546
610585
610687
610751
610823
610884
611321
611418
611470
611565
611590
611631
611790
611811
611866
611867
611895
611897
611920
612154
612242
612247
612317
612324
612398
612427
612838
612878
612907
612952
612973
613047
613346
613347
613376
613455
613514
613766
613858
614136
614172
614204
614324
614380
614429
614480
614523
614728
614752
614831
614906
614952
615083
615190
615211
615239
615265
615330
615343
615606
615742
615893
615894
616142
616241
616326
616474
616588
616735
616748
616757
616778
616834
616902
616916
616943
617120
617203
617294
617459
617460
617523
617633
617684
617724
618024
618044
618115
618261
618263
618339
618365
618383
618428
618482
618598
618660
618686
618797
618811
618853
618974
619099
619186
619233
619370
619540
619588
619629
619903
619971
620081
620125
620195
620243
620267
620341
620432
620517
620576
620602
620628
620723
620728
620845
620922
620939
621210
621275
621284
621432
621519
621532
621567
621730
621773
621815
621828
621904
621931
622020
622151
622200
622225
622256
622268
622280
622428
622461
622493
622504
622570
622626
622690
622715
622724
622778
622854
622860
622869
622909
622938
622957
622970
623059
623134
623271
623420
623442
623554
623586
623653
623699
623700
623835
623888
623982
624110
624123
624125
624243
624330
624388
624466
624541
624553
624569
624577
624623
624676
624677
624799
624811
624817
624871
624945
624966
625009
625020
625027
625090
625113
625114
625198
625340
625579
625627
625633
625662
625857
625868
625946
626022
626028
626126
626308
626444
626539
626911
626964
626982
627009
627115
627133
627146
627168
627177
627487
627511
627526
627528
627530
627551
627646
627688
627963
628110
628148
628152
628262
628361
628364
628426
628467
628502
628537
628591
628695
628703
628719
628764
628789
629017
629079
629098
629149
629159
629193
629219
629269
629643
629696
629845
629909
629912
629937
629955
630330
630375
630434
630488
630534
630545
630679
630697
630800
630937
630970
630992
631041
631075
631086
631114
631125
631137
631256
631300
631318
631424
631428
631450
631453
631512
631657
631699
631826
631831
631854
631918
631942
632018
632050
632106
632111
632120
632214
632297
632355
632430
632506
632550
632572
632581
632613
632625
632651
632664
632671
632689
632883
632938
632957
632977
633003
633071
633084
633169
633422
633520
633560
633768
633853
633937
634066
634131
634210
634229
634390
634458
634618
634625
634669
634707
634808
634826
634926
634949
635092
635123
635165
635170
635259
635261
635296
635443
635566
635642
635668
635673
635727
635803
635811
635847
636051
636074
636108
636207
636325
636342
636384
636509
636517
636611
636801
636858
636898
636921
636962
637014
637027
637028
637030
637040
637108
637183
637339
637428
637492
637559
637612
637618
637637
637691
637701
637718
637727
637804
638117
638169
638196
638247
638286
638399
638514
638518
638530
638545
638546
638653
638721
638732
638772
638796
638823
638830
638984
639016
639111
639113
639213
639214
639216
639226
639237
639263
639269
639325
639339
639446
639545
639586
639626
639636
639674
639687
639847
639976
640038
640111
640121
640147
640270
640308
640468
640630
640638
640794
640797
640905
640952
641004
641056
641176
641213
641265
641306
641401
641420
641503
641664
641669
641715
641775
641943
641954
642045
642227
642434
642437
642515
642530
642542
642592
642608
642742
642762
642799
642943
643041
643079
643164
643177
643209
643290
643313
643422
643432
643433
643497
643563
643600
643917
644061
644155
644251
644280
644300
644336
644343
644346
644356
644357
644370
644386
644416
644425
644491
644640
644698
644703
644759
644831
644926
644951
645018
645119
645153
645192
645247
645308
645358
645359
645395
645396
645501
645522
645532
645626
645751
645872
646120
646138
646167
646185
646353
646390
646437
646501
646535
646560
646570
646765
646837
646910
646971
647036
647065
647094
647139
647273
647408
647530
647539
647540
647563
647565
647575
647669
647722
647736
647753
647763
647780
647825
647826
647829
647867
647960
648152
648181
648209
648293
648294
648319
648386
648441
648551
648624
648680
649017
649040
649109
649184
649301
649429
649545
649619
649668
649669
649683
649923
649932
650013
650042
650045
650098
650202
650345
650382
650406
650601
650784
650788
650864
651025
651093
651112
651113
651330
651392
651489
651579
651651
651722
652254
652331
652442
652443
652535
652585
652711
652945
652946
653022
653446
653453
653542
653636
653670
653766
653767
653940
654061
654063
654256
654480
654517
654622
654666
654819
654828
654868
654936
654949
655025
655048
655185
655198
655206
655294
655315
655316
655318
655373
655630
655755
655788
655794
655795
655893
655916
656126
656154
656270
656296
656457
656470
656521
656868
657007
657052
657078
657087
657308
657322
657383
657395
657410
657606
657713
657895
657940
658067
658154
658295
658300
658523
658602
658677
658752
658779
658818
658834
658862
658955
659003
659052
659059
659064
659151
659192
659223
659390
659402
659469
659484
659500
659507
659521
659547
659553
659642
659676
659742
659791
659839
659887
659944
659958
659991
660164
660288
660411
660426
660463
660543
660696
660921
661280
661292
661359
661416
661450
661702
661791
661800
661812
661821
661832
661841
661845
661939
662091
662130
662140
662167
662169
662183
662204
662277
662330
662365
662381
662435
662453
662481
662482
662542
662555
662566
662575
662715
662829
662839
663020
663158
663194
663535
663561
663629
663674
663731
663761
663794
663913
663949
664044
664065
664244
664276
664284
664312
664347
664374
664506
664564
664565
664618
664633
664634
664635
664671
664701
664761
664772
664890
664905
665039
665070
665092
665131
665171
665183
665314
665348
665535
665596
665733
665768
665780
665788
665829
665862
665894
665963
666087
666118
666119
666175
666221
666240
666321
666356
666418
666601
666622
666967
667107
667285
667424
667435
667507
667587
667615
667692
667730
667844
667869
667873
667921
667945
668033
668158
668199
668222
668223
668253
668269
668303
668517
668522
668533
668590
668726
668727
668928
668972
668996
669042
669043
669107
669184
669187
669242
669302
669323
669332
669363
669365
669373
669410
669534
669538
669712
669732
669790
669849
669851
669899
669944
669953
670040
670132
670143
670177
670286
670415
670420
670473
670495
670508
670532
670550
670589
670659
