18
43
63
270
691
2026
2378
2708
3441
4874
6736
7322
7362
7486
7775
8967
9565
10691
11145
11749
12709
13649
13980
15404
15929
16463
17187
17290
17771
18870
19500
19550
19671
19744
20101
20368
20778
21082
22001
22557
23263
23414
23783
24014
24487
25073
25141
25206
25327
25860
26377
26746
28056
28189
28217
28736
30615
31144
31442
31488
32223
32600
32647
32670
32671
32776
32830
32891
33697
33748
33750
33824
33912
34470
35335
35407
35880
36461
36728
37213
37896
37933
38161
39359
41209
43036
43191
43773
43879
43929
44174
44317
44619
45463
45594
46124
46478
47276
47705
47858
48286
48644
49720
49886
49937
50044
50930
51137
52283
52330
53155
54392
54683
55485
55704
56044
56485
57217
57446
58125
58222
58223
58231
58396
58439
59544
59592
59773
60916
61399
61640
61751
62391
62428
63541
64812
65286
65760
65764
65905
66098
66457
66549
67272
68000
68130
68505
68572
69004
69649
70130
70286
70719
71705
71803
72641
72883
72888
73642
76223
76432
76676
76859
77567
77680
78301
78444
79530
79831
79913
80085
80929
80951
80966
81127
81727
82964
83368
84634
84700
84842
84851
85038
85369
85402
85433
85661
85714
86390
86787
86877
88188
88792
89098
89936
90693
90816
91111
91229
91540
91825
92018
92329
92678
94180
94355
94395
95820
96542
100643
101026
102551
102955
104326
105666
106160
106199
106343
106423
107184
107185
107186
107187
107188
107189
107190
107191
107192
107193
107194
107195
107196
107197
107198
107199
107200
107201
107202
107203
107204
107205
107206
107207
107208
107209
107210
107211
107212
107213
107214
107215
107216
107217
107218
107219
107220
107221
107222
107223
107224
107225
107226
107227
107228
107229
107230
107231
107232
107233
107234
107235
107236
107237
107238
107239
107240
107241
107242
107243
107244
107245
107246
107247
107248
107249
107250
107542
108007
109356
109821
110290
110855
111285
112793
112794
113272
114207
114371
114491
114641
114861
115050
115104
115438
116949
117437
117668
117704
118604
118887
118900
119019
119385
121105
121630
123406
123480
123784
124050
124128
124612
124953
125995
126113
126386
126465
128521
128861
129310
129525
130045
130058
130984
131373
131601
132070
132795
133180
133456
133492
134395
136303
136633
136939
137807
138127
138261
138459
139093
139417
139666
139681
140262
141012
141359
141643
141775
142660
143168
143547
144088
145562
146624
146731
147456
147847
148229
148621
148880
148936
148970
149744
149907
150606
150849
152543
152815
153757
153856
153873
154179
154261
154334
154989
156184
157174
157983
158370
158671
158826
159628
161072
161193
161868
162827
163362
163634
163637
163678
163705
164111
165163
165881
165934
166026
166339
167014
167547
168880
169663
170681
171029
171578
171869
173139
174113
176602
176833
177421
177888
178074
179271
179463
180318
180893
181221
181416
181817
181954
183231
183357
184498
184503
185117
186671
188027
188545
189472
189785
190320
190454
190614
192062
192318
192628
192774
193536
194197
194868
195446
196126
196229
197469
198090
198555
198851
199375
