40
382
502
503
504
505
506
507
508
509
510
511
512
513
515
516
517
518
520
521
522
523
524
525
526
527
528
529
531
532
533
534
535
536
537
538
539
540
541
542
543
544
545
546
547
548
549
550
551
552
553
554
555
556
557
558
559
560
561
562
563
564
565
566
567
568
569
570
571
572
573
574
575
576
577
578
579
580
581
582
583
584
585
586
587
588
589
590
591
592
593
594
595
597
598
599
600
601
602
603
604
605
606
607
608
609
610
611
612
613
614
615
616
617
618
619
620
621
622
623
624
625
626
627
628
629
630
631
632
633
634
635
636
637
638
639
640
641
642
643
644
645
646
647
648
649
650
651
652
653
654
655
656
657
658
659
660
661
662
663
664
665
666
667
668
669
670
671
672
673
674
675
676
677
678
679
680
681
682
683
684
685
686
687
688
690
691
692
693
694
695
696
697
698
699
700
701
702
703
704
705
706
707
708
709
710
711
712
713
714
715
716
717
718
719
720
721
722
723
724
725
726
727
728
729
730
731
732
733
734
735
736
737
738
739
740
741
742
743
744
745
746
747
748
749
750
935
1841
2114
2378
2717
3142
3144
3293
4088
4200
5788
6793
6897
7251
7312
7803
7853
8249
8322
8353
8886
9063
9319
9392
9476
9565
9721
10232
10829
10928
11049
11552
11560
11625
11686
11752
11753
11754
11755
11756
11757
11758
11759
11760
11761
11762
11763
11764
11765
11766
11767
11768
11769
11770
11771
11772
11773
11774
11775
11776
11777
11778
11779
11780
11781
11782
11783
11784
11785
11786
11787
11788
11789
11790
11791
11792
11793
11794
11795
11796
11797
11798
11799
11800
11801
11802
11803
11804
11805
11806
11807
11808
11809
11810
11811
11812
11813
11814
11815
11816
11817
11818
11819
11820
11821
11822
11823
11824
11825
11826
11827
11828
11829
11830
11831
11832
11833
11834
11835
11836
11837
11838
11839
11840
11841
11842
11843
11844
11845
11846
11847
11848
11849
11850
11851
11852
11853
11854
11855
11856
11857
11858
11859
11860
11861
11862
11863
11864
11865
11866
11867
11868
11869
11870
11871
11872
11873
11874
11875
11876
11877
11878
11879
11880
11881
11882
11883
11884
11885
11886
11887
11888
11889
11890
11891
11892
11893
11894
11895
11896
11897
11898
11899
11900
11901
11902
11903
11904
11905
11906
11907
11908
11909
11910
11911
11912
11913
11914
11915
11916
11917
11918
11919
11920
11921
11922
11923
11924
11925
11926
11927
11928
11929
11930
11931
11932
11933
11934
11935
11936
11937
11938
11939
11940
11941
11942
11943
11944
11945
11946
11947
11948
11949
11950
11951
11952
11953
11954
11955
11956
11957
11958
11959
11960
11961
11962
11963
11964
11965
11966
11967
11968
11969
11970
11971
11972
11973
11974
11975
11976
11977
11978
11979
11980
11981
11982
11983
11984
11985
11986
11987
11988
11989
11990
11991
11992
11993
11994
11995
11996
11997
11998
11999
12000
12176
12252
12253
12254
12255
12256
12257
12258
12259
12260
12261
12262
12263
12264
12265
12266
12267
12268
12269
12270
12271
12272
12273
12274
12275
12276
12277
12278
12279
12280
12281
12282
12283
12284
12285
12286
12287
12288
12289
12290
12291
12292
12293
12294
12295
12296
12297
12298
12299
12300
12301
12302
12303
12304
12305
12306
12307
12308
12309
12310
12311
12312
12313
12314
12315
12316
12317
12318
12319
12320
12321
12322
12323
12324
12325
12326
12327
12328
12329
12330
12331
12332
12333
12334
12335
12336
12337
12338
12339
12340
12341
12342
12343
12344
12345
12346
12347
12348
12349
12350
12351
12352
12353
12354
12355
12356
12357
12358
12359
12360
12361
12362
12363
12364
12365
12366
12367
12368
12369
12370
12371
12373
12374
12375
12376
12377
12378
12379
12380
12381
12382
12383
12384
12385
12386
12387
12388
12389
12390
12391
12392
12393
12394
12395
12397
12398
12399
12400
12401
12402
12403
12404
12405
12406
12407
12408
12409
12410
12411
12412
12413
12414
12415
12416
12417
12418
12419
12420
12421
12422
12423
12424
12425
12426
12427
12428
12429
12430
12431
12432
12433
12434
12435
12436
12437
12438
12439
12440
12441
12442
12443
12444
12445
12446
12447
12448
12449
12450
12451
12452
12453
12454
12455
12456
12457
12458
12459
12460
12461
12462
12463
12464
12465
12466
12467
12468
12469
12470
12471
12472
12473
12474
12475
12476
12477
12478
12479
12480
12481
12482
12483
12484
12485
12486
12487
12488
12489
12490
12491
12492
12493
12494
12495
12496
12497
12498
12499
12500
12891
12996
13215
13220
13221
13237
13242
13603
13649
14211
14232
14666
14870
15202
15309
15323
15599
15739
16161
16199
16916
16922
16966
17897
18197
18260
18371
18591
18647
18763
18870
19271
19432
19523
19550
19671
20064
20131
20206
21151
21429
21777
21783
21892
22152
22326
22624
22955
23013
23821
23860
24060
24262
24271
24619
24686
24710
24787
24834
25073
25141
25229
25517
25584
25698
25824
25997
26130
26185
26234
26367
26666
26736
27397
27655
27720
27784
27934
28709
28727
28764
28891
29252
29253
29254
29255
29256
29257
29258
29259
29260
29261
29262
29263
29264
29265
29266
29267
29268
29269
29270
29271
29272
29273
29274
29275
29276
29277
29278
29279
29280
29281
29282
29283
29284
29285
29286
29287
29288
29289
29290
29291
29292
29293
29294
29295
29296
29297
29298
29299
29300
29301
29302
29303
29304
29305
29306
29307
29308
29309
29310
29311
29312
29313
29314
29315
29316
29317
29318
29319
29320
29321
29322
29323
29324
29325
29326
29327
29328
29329
29330
29331
29332
29333
29334
29335
29336
29337
29338
29339
29340
29341
29342
29343
29344
29345
29346
29347
29348
29349
29350
29351
29352
29353
29354
29355
29356
29357
29358
29359
29360
29361
29362
29363
29364
29365
29366
29367
29368
29369
29370
29371
29372
29373
29374
29375
29376
29377
29378
29379
29380
29381
29382
29383
29384
29385
29386
29387
29388
29389
29390
29391
29392
29393
29394
29395
29396
29397
29398
29399
29400
29401
29402
29403
29404
29405
29406
29407
29408
29409
29410
29411
29412
29413
29414
29415
29416
29417
29418
29419
29420
29421
29422
29423
29424
29425
29426
29427
29428
29430
29431
29432
29433
29434
29435
29436
29437
29438
29439
29440
29441
29442
29443
29444
29445
29446
29447
29448
29449
29450
29451
29452
29453
29454
29455
29456
29457
29458
29459
29460
29461
29462
29463
29464
29465
29466
29467
29468
29469
29470
29471
29472
29473
29474
29475
29476
29477
29478
29479
29480
29481
29482
29483
29484
29485
29486
29487
29488
29489
29490
29491
29492
29493
29494
29495
29496
29497
29498
29499
29500
29814
29981
30019
30096
30385
31139
31408
31474
31538
31563
31768
31882
31895
32101
32223
32392
32465
32519
32556
32581
32586
32671
32782
32844
32856
32911
33754
33824
33962
34035
34374
34551
34630
34900
34933
35351
35730
35756
35816
35975
36095
36272
36487
36677
36768
36989
37032
37058
37485
37820
38081
38238
38583
38749
38763
38874
38941
39175
39329
39377
39617
39712
40184
40810
41309
41319
41513
41615
41874
42264
42480
42701
43191
43630
43659
43879
44649
45244
46478
47232
47340
47448
48082
48178
48191
48426
48683
48816
49030
49582
49800
50728
51375
51635
51735
52054
52075
52633
53267
53269
53499
53519
53777
53931
54008
54326
54392
54432
54440
54720
54977
55252
55268
55485
55699
55942
57574
57769
57991
58281
59412
59418
59597
59609
59615
59792
60170
60188
60227
60752
60753
60754
60755
60756
60757
60758
60759
60760
60761
60762
60763
60764
60765
60766
60767
60768
60769
60770
60771
60772
60773
60774
60775
60776
60777
60778
60779
60780
60781
60782
60783
60784
60785
60786
60788
60789
60790
60791
60792
60793
60794
60795
60796
60797
60798
60799
60800
60801
60802
60803
60804
60805
60806
60807
60808
60809
60810
60811
60812
60813
60814
60815
60816
60817
60818
60819
60820
60821
60822
60823
60824
60825
60826
60827
60828
60829
60830
60831
60832
60833
60834
60835
60836
60837
60838
60839
60840
60841
60842
60844
60845
60846
60847
60848
60849
60850
60851
60852
60853
60854
60855
60856
60857
60858
60859
60860
60861
60862
60863
60864
60865
60866
60867
60868
60869
60870
60871
60872
60873
60874
60875
60876
60877
60878
60879
60880
60881
60882
60883
60885
60886
60887
60888
60889
60890
60891
60892
60893
60894
60895
60896
60897
60898
60899
60900
60901
60902
60903
60904
60905
60906
60907
60908
60909
60910
60911
60912
60913
60914
60915
60916
60917
60918
60919
60920
60921
60922
60923
60924
60925
60926
60927
60928
60929
60930
60931
60932
60933
60934
60935
60936
60937
60938
60939
60940
60941
60942
60943
60944
60945
60946
60947
60948
60949
60950
60951
60952
60953
60954
60955
60956
60957
60958
60959
60960
60961
60962
60963
60964
60965
60966
60967
60968
60969
60970
60971
60972
60973
60974
60975
60976
60977
60978
60979
60980
60981
60982
60983
60984
60985
60986
60987
60988
60989
60990
60991
60992
60993
60994
60995
60996
60997
60998
60999
61000
61731
61739
61990
61997
62502
62503
62504
62505
62506
62507
62508
62509
62510
62511
62512
62513
62514
62515
62516
62517
62518
62519
62520
62521
62522
62523
62524
62525
62526
62527
62528
62529
62530
62531
62532
62533
62534
62535
62536
62537
62538
62539
62540
62541
62542
62543
62544
62545
62546
62547
62548
62549
62550
62551
62552
62553
62554
62555
62556
62557
62558
62559
62560
62561
62562
62563
62564
62565
62566
62567
62568
62569
62570
62571
62572
62574
62575
62576
62577
62578
62579
62580
62581
62582
62583
62584
62585
62586
62587
62588
62589
62590
62591
62593
62594
62595
62596
62597
62598
62599
62600
62601
62602
62603
62604
62605
62606
62607
62608
62609
62610
62611
62612
62613
62614
62615
62616
62617
62618
62619
62620
62621
62622
62623
62624
62625
62626
62627
62629
62630
62631
62632
62633
62634
62635
62636
62637
62638
62639
62640
62641
62642
62643
62644
62645
62646
62647
62648
62649
62650
62651
62652
62653
62654
62655
62656
62657
62658
62659
62660
62661
62662
62663
62664
62665
62666
62667
62668
62669
62670
62671
62672
62673
62674
62675
62676
62677
62678
62679
62680
62681
62682
62683
62684
62685
62686
62687
62688
62689
62690
62691
62692
62693
62694
62695
62696
62697
62698
62699
62700
62701
62702
62703
62704
62705
62706
62707
62708
62709
62710
62711
62712
62713
62714
62715
62716
62717
62718
62719
62720
62721
62722
62723
62724
62725
62726
62727
62728
62729
62730
62731
62732
62733
62734
62735
62736
62737
62738
62739
62740
62741
62742
62743
62744
62745
62746
62747
62748
62749
62750
63083
63541
63551
63988
64480
64531
64640
64812
64913
65460
65596
65658
65690
65717
65787
66229
66786
66930
67086
67420
67533
67804
67854
67876
68130
68204
68497
68535
69114
69129
69152
69183
69189
69455
69520
69627
69649
69653
69762
69825
69875
69965
70246
70283
70473
70509
71137
71199
71522
71666
71713
72071
72075
72116
72327
72657
72730
72768
72836
72885
73176
73579
73642
73684
73719
73740
73922
74043
74240
74266
74370
74445
74509
74536
74595
74689
74726
76013
76056
76194
76347
76782
76815
76839
77063
77251
78048
78203
78725
79530
79616
79716
79905
80208
80230
80446
80519
80641
80929
80966
82052
82412
83205
83651
83825
84015
84167
84594
84849
85035
85179
85368
85443
85673
85696
85990
86313
86390
86633
86766
86787
86801
87043
87201
87233
87356
87506
88383
88485
88745
88746
89098
89206
89910
90090
90169
90219
90240
90530
91027
91229
91492
92066
92118
92632
92742
92766
92942
93045
93449
93831
93968
94303
95318
95456
95500
95553
95570
95985
96036
96037
96048
96209
96248
96689
96735
96801
97088
97198
97222
97234
97594
97607
97627
97839
97948
98855
98963
99752
99753
99754
99755
99756
99757
99758
99759
99760
99761
99762
99763
99764
99765
99766
99767
99768
99769
99770
99771
99772
99773
99774
99775
99776
99777
99778
99779
99780
99781
99782
99783
99784
99785
99786
99787
99788
99789
99790
99791
99792
99793
99794
99795
99796
99797
99798
99799
99800
99801
99802
99803
99804
99805
99806
99807
99808
99809
99810
99811
99812
99813
99814
99815
99816
99817
99818
99819
99820
99821
99822
99823
99824
99825
99826
99827
99828
99829
99830
99831
99832
99833
99834
99835
99836
99837
99838
99839
99840
99841
99842
99843
99844
99845
99846
99847
99848
99849
99850
99851
99852
99853
99854
99855
99856
99857
99858
99859
99860
99861
99862
99863
99864
99865
99866
99867
99868
99869
99870
99871
99872
99873
99874
99875
99876
99877
99878
99879
99880
99881
99882
99883
99884
99886
99887
99888
99889
99890
99891
99892
99893
99894
99895
99896
99897
99898
99899
99900
99901
99902
99903
99904
99905
99906
99907
99908
99909
99910
99911
99912
99913
99914
99915
99916
99917
99918
99919
99920
99921
99922
99923
99924
99925
99926
99927
99928
99929
99930
99931
99933
99934
99935
99936
99937
99938
99939
99940
99941
99942
99943
99944
99945
99946
99947
99948
99949
99951
99952
99953
99954
99955
99956
99957
99958
99959
99960
99961
99962
99963
99964
99965
99966
99967
99968
99969
99970
99971
99972
99973
99974
99975
99977
99978
99979
99980
99981
99982
99983
99984
99986
99987
99988
99989
99990
99991
99992
99993
99994
99995
99996
99997
99998
99999
100000
100661
101015
101027
101123
101581
101737
101786
101837
102057
102343
103102
103194
103251
103291
103554
103907
104326
104502
104503
104504
104505
104506
104507
104508
104509
104510
104511
104512
104513
104514
104515
104516
104517
104518
104519
104520
104521
104522
104523
104524
104525
104526
104527
104528
104529
104530
104531
104532
104533
104534
104535
104536
104537
104538
104539
104540
104541
104542
104543
104544
104545
104546
104547
104548
104549
104550
104551
104552
104553
104554
104555
104556
104557
104558
104559
104560
104561
104562
104563
104564
104565
104566
104567
104568
104569
104570
104571
104572
104573
104574
104575
104576
104577
104578
104579
104580
104581
104582
104583
104584
104585
104586
104587
104588
104589
104590
104591
104592
104593
104594
104595
104596
104597
104598
104599
104600
104601
104602
104603
104604
104605
104606
104607
104608
104609
104610
104611
104612
104613
104614
104615
104616
104617
104618
104619
104620
104621
104622
104623
104624
104625
104626
104627
104628
104629
104630
104631
104632
104633
104634
104635
104636
104637
104638
104639
104641
104642
104643
104644
104645
104646
104647
104648
104649
104650
104651
104652
104653
104654
104655
104656
104657
104658
104659
104660
104661
104662
104663
104664
104665
104666
104667
104668
104669
104670
104671
104672
104673
104674
104675
104676
104677
104678
104679
104680
104681
104682
104683
104684
104685
104686
104687
104688
104689
104690
104691
104692
104693
104694
104695
104696
104697
104698
104699
104700
104701
104702
104703
104704
104705
104706
104707
104708
104709
104710
104711
104712
104713
104714
104715
104716
104717
104718
104719
104720
104721
104722
104723
104724
104725
104726
104727
104728
104729
104730
104731
104732
104733
104734
104735
104736
104737
104738
104739
104740
104741
104742
104743
104744
104745
104746
104747
104748
104749
104750
104836
105399
105426
105518
105715
105906
105995
106027
106343
106423
106814
107038
107248
107251
107417
107615
108033
108350
108457
108700
108998
109130
109356
109642
109741
109835
110499
111095
111350
111753
112089
112433
112499
112586
112821
112897
113272
113569
113991
114288
114744
114791
114823
114860
115438
115813
115852
115978
115991
116186
116201
116373
116374
117254
117273
117529
117704
118463
118900
119385
120220
120230
120282
120801
120930
120965
121683
122023
122193
122444
122565
122642
122703
122762
122810
123280
123307
123406
123444
123530
124149
124422
124790
124966
125006
125209
125304
125896
125944
126036
126113
126601
126879
127022
127422
127465
127744
127877
128237
128302
128314
128497
128561
129386
129525
129669
129825
130058
130561
130590
130700
130965
131145
131200
131258
131961
131962
132375
132501
132774
133033
133312
133457
133591
133662
133880
134041
134727
134741
134815
134913
135980
136001
136042
136798
137038
137360
137591
138259
138299
138459
138467
138622
138714
138772
138842
138897
139156
139417
139517
139585
140026
140058
140095
140201
140546
140818
140833
141242
141427
141537
141775
141932
142213
142344
142660
142884
142928
142930
143067
143319
143355
143469
143495
143828
143833
143857
143940
144243
144449
144800
144864
144880
144997
145196
145294
145352
145527
146129
146611
146742
146981
147276
147278
147752
147753
147754
147755
147756
147757
147758
147759
147761
147762
147763
147764
147765
147766
147767
147768
147769
147770
147771
147772
147773
147774
147775
147776
147777
147778
147779
147780
147781
147782
147783
147784
147785
147786
147787
147788
147789
147790
147791
147792
147793
147794
147795
147796
147797
147798
147799
147800
147801
147802
147803
147804
147805
147806
147807
147808
147809
147810
147811
147812
147813
147814
147815
147816
147817
147818
147819
147820
147821
147822
147823
147824
147825
147826
147827
147828
147829
147830
147831
147832
147833
147834
147835
147836
147837
147838
147839
147840
147841
147842
147843
147844
147845
147846
147847
147848
147849
147850
147851
147852
147853
147854
147855
147856
147857
147858
147859
147860
147861
147862
147863
147864
147865
147866
147867
147868
147869
147870
147871
147872
147873
147874
147875
147876
147877
147878
147879
147880
147881
147882
147883
147884
147885
147886
147887
147888
147889
147890
147891
147892
147893
147894
147895
147896
147897
147898
147899
147900
147901
147902
147903
147904
147905
147906
147907
147908
147909
147910
147911
147912
147913
147914
147915
147916
147917
147918
147919
147920
147921
147922
147923
147924
147925
147926
147927
147929
147930
147931
147932
147933
147934
147935
147936
147937
147938
147939
147940
147941
147942
147943
147944
147945
147946
147948
147949
147950
147951
147952
147953
147954
147955
147956
147957
147958
147959
147960
147961
147962
147963
147964
147965
147966
147967
147968
147969
147970
147971
147972
147973
147974
147975
147976
147977
147978
147979
147980
147981
147982
147983
147984
147985
147986
147987
147988
147989
147990
147991
147992
147993
147994
147995
147996
147997
147998
147999
148000
148667
148880
148936
149362
149391
149728
149899
150244
150309
150342
150367
150395
150497
150552
150562
150883
151570
151738
151963
152002
152729
152817
152994
153170
153360
153856
153882
154069
154400
154835
155112
155233
155340
155343
156062
156145
156189
156646
157291
157664
157724
157859
158078
158165
158487
158488
158489
158490
158491
158492
158493
158494
158495
158496
158497
158498
158499
158500
158630
158739
158740
158741
158742
158743
158744
158745
158746
158747
158748
158749
158750
158826
158961
158962
158963
158964
158965
158966
158967
158968
158969
158970
158971
158972
158973
158974
158975
158976
158977
158978
158979
158980
158981
158982
158983
158984
158985
158986
158987
158988
158989
158990
158991
158992
158993
158994
158995
158996
158997
158998
158999
159000
159302
159323
159427
159467
159583
159772
159919
160009
160074
160211
160875
161122
161322
161353
161400
161887
161975
162063
162138
162180
162237
162255
162827
163362
163381
163634
163748
163969
164447
164530
164670
164697
164817
164930
165066
165702
165881
166158
166207
166217
166339
166827
167780
167833
167979
168084
168422
168811
169465
169607
169663
170026
170311
170497
170751
170894
170944
171012
171158
171196
171414
171476
171515
171681
171720
171914
172005
172041
172093
172134
172337
172358
172455
172699
172897
172931
173378
173522
173590
173622
173643
174376
175492
175918
176018
176602
176831
176833
177061
177222
177274
178082
178507
178915
178984
178985
179366
179387
179404
179930
180495
180831
180837
180880
181494
182410
182831
182918
183060
183147
183231
183394
183423
183644
184038
184170
184288
184371
184399
184498
185044
185808
185950
186099
186124
186761
186887
187092
187104
187621
188027
188107
188380
188541
189051
189099
189215
189393
189567
190344
190418
190509
190545
191236
191731
191752
191883
192212
192408
192774
193254
193288
193370
193448
193664
193758
193759
194370
194497
194502
194503
194504
194505
194506
194507
194508
194509
194510
194511
194512
194513
194514
194515
194516
194517
194518
194519
194520
194521
194522
194523
194524
194525
194526
194527
194528
194529
194530
194531
194532
194533
194534
194535
194536
194537
194538
194539
194540
194541
194542
194543
194544
194545
194546
194547
194548
194549
194550
194551
194552
194553
194554
194555
194556
194557
194558
194559
194560
194561
194562
194563
194564
194565
194566
194567
194568
194569
194570
194571
194572
194573
194574
194575
194576
194577
194578
194579
194580
194581
194582
194583
194584
194585
194586
194587
194588
194589
194590
194591
194592
194593
194594
194595
194596
194597
194598
194599
194600
194601
194602
194603
194604
194605
194606
194607
194608
194609
194610
194611
194612
194613
194614
194615
194616
194617
194618
194619
194620
194621
194622
194623
194625
194626
194627
194628
194629
194630
194631
194632
194633
194634
194635
194637
194638
194639
194640
194641
194642
194643
194644
194645
194646
194647
194648
194649
194650
194651
194652
194653
194654
194655
194656
194657
194658
194659
194660
194661
194662
194663
194664
194665
194666
194667
194668
194669
194670
194671
194672
194673
194674
194675
194676
194677
194678
194679
194680
194681
194682
194683
194684
194685
194686
194687
194688
194689
194690
194691
194692
194693
194694
194695
194696
194697
194698
194699
194700
194701
194702
194703
194704
194705
194706
194707
194708
194709
194710
194711
194712
194713
194714
194715
194716
194717
194718
194719
194720
194721
194722
194723
194724
194725
194726
194727
194728
194729
194730
194731
194732
194733
194734
194735
194736
194737
194738
194739
194740
194742
194743
194744
194746
194748
194749
194750
194902
195427
195460
195502
195503
195504
195505
195506
195507
195508
195509
195510
195511
195512
195513
195514
195515
195516
195517
195518
195519
195520
195521
195522
195523
195524
195525
195526
195527
195528
195529
195530
195531
195532
195533
195534
195535
195536
195537
195538
195539
195540
195541
195542
195543
195544
195545
195546
195547
195548
195549
195550
195552
195553
195554
195555
195556
195557
195558
195559
195560
195561
195562
195563
195564
195565
195566
195567
195568
195569
195570
195571
195572
195573
195574
195575
195576
195577
195578
195579
195580
195581
195582
195583
195584
195585
195586
195587
195588
195589
195590
195591
195592
195593
195594
195595
195596
195597
195598
195599
195600
195601
195602
195603
195604
195605
195606
195607
195608
195609
195610
195611
195612
195613
195614
195615
195616
195617
195618
195619
195620
195621
195622
195623
195624
195625
195626
195627
195628
195629
195630
195631
195632
195633
195634
195635
195636
195637
195638
195639
195640
195641
195642
195643
195644
195645
195646
195647
195648
195649
195650
195651
195652
195653
195654
195655
195656
195657
195658
195659
195660
195661
195662
195664
195665
195666
195667
195668
195669
195670
195671
195672
195673
195674
195675
195676
195677
195678
195679
195680
195681
195682
195683
195684
195685
195686
195687
195688
195689
195690
195691
195692
195693
195694
195695
195696
195697
195698
195699
195700
195701
195702
195703
195704
195705
195706
195707
195708
195709
195710
195711
195712
195713
195714
195715
195716
195717
195718
195719
195720
195721
195722
195723
195724
195725
195726
195727
195728
195729
195730
195731
195732
195733
195734
195735
195736
195737
195738
195739
195740
195741
195742
195743
195744
195745
195746
195747
195748
195749
195750
195766
195815
196242
196384
196814
196867
196921
196924
197113
197252
197253
197254
197255
197256
197257
197258
197259
197260
197261
197262
197263
197264
197265
197266
197267
197268
197269
197270
197271
197272
197273
197274
197275
197276
197277
197278
197279
197280
197281
197282
197283
197284
197285
197286
197287
197289
197291
197292
197293
197294
197295
197296
197297
197298
197299
197300
197301
197302
197303
197304
197305
197306
197307
197308
197309
197310
197311
197312
197313
197314
197316
197317
197318
197319
197320
197321
197322
197323
197324
197325
197326
197327
197328
197329
197330
197331
197332
197333
197334
197335
197336
197337
197338
197339
197340
197341
197342
197343
197344
197345
197346
197347
197348
197349
197350
197351
197352
197353
197354
197355
197356
197357
197358
197359
197360
197361
197362
197363
197364
197365
197366
197367
197368
197369
197370
197371
197372
197373
197374
197375
197376
197377
197378
197379
197380
197381
197382
197383
197384
197385
197386
197387
197388
197389
197390
197391
197392
197394
197395
197396
197397
197398
197399
197400
197401
197402
197403
197404
197405
197406
197407
197408
197409
197410
197411
197412
197413
197414
197415
197416
197417
197418
197419
197420
197421
197422
197423
197424
197425
197426
197427
197428
197429
197430
197431
197432
197433
197434
197435
197436
197437
197438
197439
197440
197441
197442
197443
197444
197445
197446
197447
197448
197449
197450
197451
197452
197453
197454
197455
197456
197457
197458
197459
197460
197461
197462
197463
197464
197465
197466
197467
197468
197469
197470
197471
197472
197473
197474
197475
197476
197477
197478
197479
197480
197481
197482
197483
197484
197485
197486
197487
197488
197489
197490
197491
197492
197493
197494
197495
197496
197497
197498
197499
197500
197567
197587
197830
198153
198284
198449
198485
198555
198870
199136
199153
199993
