thing_id	color_ri	kcorrR	zspec	plate	MJD	fibre
270955430	0.31089718639850616	1.09436	0.5623	3931	55350	287
253141	0.3264191783964634	1.03461	0.5153	777	52320	26
124843071	0.34924524277448654	1.06182	0.535	4732	55648	353
432342698	0.29643381386995316	1.04768	0.5283	4562	55570	360
347556964	0.34735751152038574	1.0097	0.537	5003	55715	423
432292039	0.31986936181783676	1.0905	0.5388	3970	55591	793
377134501	0.347896970808506	1.0498	0.5162	3879	55244	711
238441205	0.3563055247068405	1.09346	0.576	4074	55679	49
354080797	0.3276795446872711	1.01325	0.5379	5013	55723	393
144902127	0.26672859489917755	1.06895	0.5061	4077	55361	691
172061708	0.30482111871242523	1.01007	0.5147	4422	55533	675
52790573	0.3329230695962906	1.03327	0.5149	4044	55359	373
128599188	0.36922965943813324	1.05846	0.5342	4027	55629	619
102131156	0.3423231616616249	1.07958	0.5402	3833	55290	999
295450143	0.3446185290813446	1.09301	0.5135	4480	55591	187
402801513	0.3590521737933159	1.09695	0.5239	4568	55600	448
631197	0.2950741797685623	1.0609	0.5096	1767	53436	91
147434248	0.2952806279063225	1.09585	0.5372	4266	55486	155
397702998	0.2994064912199974	1.06535	0.5612	4965	55721	265
130800434	0.2821635752916336	1.01538	0.5227	4261	55503	39
126833564	0.2840596213936806	1.05231	0.5183	4042	55626	469
61390378	0.2994643300771713	1.05336	0.5676	4352	55533	847
205463473	0.33104632049798965	1.03786	0.5613	4510	55559	493
113228203	0.29494281113147736	1.0454	0.5406	4221	55443	719
407774466	0.2664343472570181	1.01485	0.5059	4575	55590	349
97253166	0.32366376370191574	1.07022	0.5221	3651	55247	937
370374041	0.33356041461229324	1.06416	0.5078	4449	55544	194
429934090	0.34854990243911743	1.09103	0.5304	4700	55709	658
163756334	0.27166418731212616	1.07443	0.5499	4881	55733	297
410694932	0.3318316340446472	1.02459	0.5594	3973	55323	37
349659534	0.3618050366640091	1.06698	0.5157	5006	55706	669
391467262	0.3456292971968651	1.09404	0.5291	3756	55505	713
438064457	0.33715642988681793	1.07094	0.5384	4628	55646	401
56798298	0.3120730221271515	1.07168	0.5512	4035	55383	262
80092441	0.3293339014053345	1.04372	0.5299	3780	55240	907
106233353	0.3715238645672798	1.02583	0.5423	4040	55605	785
235096772	0.29422618448734283	1.06139	0.5258	4065	55368	11
482873460	0.27173110842704773	1.0485	0.5926	3694	55209	209
128743842	0.29740047082304955	1.03462	0.588	4045	55622	357
108379692	0.34010516107082367	1.05485	0.5826	3825	55533	707
127134921	0.3049105480313301	1.00795	0.5243	4743	55645	231
392466641	0.3347604013979435	1.02695	0.5297	4619	55599	381
197402285	0.27738533169031143	1.07672	0.5582	4095	55497	475
351196472	0.31006354093551636	1.05527	0.5464	4455	55539	113
123398157	0.3288619890809059	1.06688	0.5482	3819	55540	341
57797089	0.28072188794612885	1.0505	0.5046	4026	55325	319
355176400	0.3553064465522766	1.01723	0.5134	3872	55382	645
315850418	0.3178957924246788	1.00777	0.5628	3948	55331	899
126436792	0.31113890558481216	1.00557	0.5774	4273	55506	297
446748410	0.34669191762804985	1.05474	0.5421	4699	55684	275
407391379	0.34404584765434265	1.07972	0.5188	3791	55501	433
202931992	0.32260020077228546	1.08614	0.5958	4093	55475	987
367809757	0.3108049724251032	1.02471	0.5585	3873	55277	63
194387822	0.3148088976740837	1.01191	0.5148	4879	55706	485
438897303	0.29088001884520054	1.03283	0.5116	4566	55630	967
88064477	0.27991245687007904	1.04269	0.5276	4232	55447	113
385732048	0.28618451207876205	1.03978	0.5153	4614	55604	467
144866544	0.3321317732334137	1.05732	0.5238	4808	55705	375
148517589	0.3125367537140846	1.03442	0.5214	4798	55672	223
130625575	0.3249373510479927	1.04561	0.5608	4269	55502	21
171376162	0.28754521533846855	1.00108	0.5056	4862	55685	819
370336380	0.3697118032723665	1.05528	0.5169	3874	55280	159
404632207	0.3087838478386402	1.07059	0.5697	3986	55329	187
330810125	0.28324268758296967	1.0077	0.5115	3940	55327	739
135795138	0.2901023030281067	1.00196	0.5498	4742	55660	527
95005719	0.28012751042842865	1.0102	0.5891	4004	55321	475
63721275	0.27406247705221176	1.07423	0.5202	4041	55361	869
245733536	0.32433076947927475	1.08954	0.5721	4071	55660	913
415074672	0.3229643777012825	1.08864	0.5569	4575	55590	880
207123392	0.36476701498031616	1.03563	0.5024	5065	55739	845
380599697	0.3330731466412544	1.09518	0.522	4719	55736	177
419041203	0.32559801638126373	1.06114	0.5396	4563	55617	301
404058446	0.3191804438829422	1.06687	0.5424	4999	55721	663
430024399	0.31348251178860664	1.09716	0.5042	4654	55659	473
375914863	0.284858874976635	1.0639	0.5487	4997	55738	357
137028897	0.26625286042690277	1.07109	0.5515	3814	55535	215
166693329	0.32836664468050003	1.07393	0.5115	4861	55710	481
463164806	0.33961036801338196	1.0561	0.5672	4692	55644	973
153844256	0.3093028962612152	1.05685	0.5017	4836	55689	243
211020257	0.2731396034359932	1.03147	0.5061	4548	55565	830
96587325	0.3117735795676708	1.06639	0.505	4050	55599	511
438149377	0.269165575504303	1.0828	0.5632	4654	55659	626
421820609	0.3089063912630081	1.07827	0.5643	4711	55737	59
149766689	0.3391169235110283	1.08524	0.5857	4258	55481	699
461918942	0.33964208513498306	1.07042	0.5236	4693	55632	974
261123741	0.3028460964560509	1.0959	0.595	4056	55357	785
132531545	0.2602163404226303	1.09615	0.5283	4739	55644	853
444450707	0.33513227477669716	1.08312	0.5267	4699	55684	229
152355627	0.33247119933366776	1.08499	0.566	4797	55662	995
131377517	0.3373323082923889	1.09685	0.5223	4304	55506	533
282868816	0.26664526760578156	1.08993	0.5691	3931	55350	563
421573358	0.31536708027124405	1.09538	0.544	4652	55672	617
752964	0.3313351944088936	1.04135	0.5032	2128	53800	277
54650975	0.31442350149154663	1.07143	0.5598	4365	55539	175
440160776	0.3006678782403469	1.08828	0.5092	4702	55618	383
167182938	0.34576498344540596	1.022	0.5736	4852	55689	97
63615669	0.3431464433670044	1.07283	0.5509	3792	55212	779
217931167	0.3680444359779358	1.08038	0.5786	4886	55737	317
294493733	0.35643674433231354	1.06223	0.5299	3956	55656	581
410144628	0.25468745455145836	1.08809	0.5659	3973	55323	349
80105898	0.2765378952026367	1.08891	0.5373	3766	55213	713
139061591	0.2840997204184532	1.05698	0.5289	4265	55505	559
215567795	0.3513641655445099	1.01366	0.5189	4066	55444	187
448381446	0.27488527446985245	1.03621	0.5245	3659	55181	65
46227614	0.26396898180246353	1.03601	0.5177	4387	55534	427
101214584	0.35435619950294495	1.06136	0.5733	4229	55501	651
400461309	0.2820618972182274	1.01035	0.5093	3860	55269	409
451380413	0.2801719158887863	1.07237	0.5329	4565	55591	983
163884773	0.3494457043707371	1.00847	0.508	4851	55680	53
93471252	0.27112075686454773	1.08485	0.5	4206	55471	737
146064615	0.3485491871833801	1.01119	0.5398	4318	55508	189
125774178	0.27491509169340134	1.07741	0.5632	4793	55648	591
153352440	0.28947581350803375	1.09807	0.5573	4084	55447	375
405970639	0.2851638197898865	1.00933	0.5154	4560	55575	265
133044644	0.3418819420039654	1.05536	0.5694	4306	55584	513
467948238	0.26840800046920776	1.07572	0.5194	3673	55178	221
157106912	0.337999165058136	1.01984	0.5177	4081	55365	1
195327536	0.31020045280456543	1.03077	0.5361	5066	55749	219
489014239	0.29171182960271835	1.05959	0.5066	3679	55209	138
391171614	0.33490752428770065	1.03637	0.5165	4647	55621	259
74367710	0.3054705560207367	1.02579	0.5486	4224	55481	95
176109303	0.27087727189064026	1.01757	0.5069	4896	55712	32
146517668	0.3586895614862442	1.0802	0.5101	4260	55478	113
127783913	0.3627612814307213	1.01822	0.5031	4734	55646	106
150858082	0.33184731751680374	1.09863	0.5219	4803	55734	613
332736968	0.32771601527929306	1.07169	0.5515	3953	55322	53
412278034	0.2872723639011383	1.09803	0.5673	4615	55618	947
140037028	0.3461049906909466	1.03676	0.5446	4305	55509	397
173116916	0.37616240605711937	1.00059	0.5102	4863	55688	571
422182890	0.31894805282354355	1.09963	0.548	3667	55566	941
459187498	0.2675875723361969	1.04298	0.5401	3669	55481	684
168632602	0.3202401399612427	1.06299	0.5422	4836	55689	895
82760857	0.32373714447021484	1.09986	0.5312	3744	55209	147
122652306	0.3692982345819473	1.02411	0.5403	4009	55648	173
178535657	0.27788810431957245	1.09975	0.5128	4893	55709	775
484882131	0.26288872212171555	1.02895	0.5761	3688	55273	307
106483483	0.2838877663016319	1.05982	0.5745	4232	55447	971
183861001	0.3531579375267029	1.02957	0.5771	4079	55363	517
127900830	0.35466890037059784	1.07144	0.5521	4316	55505	344
426181172	0.34487346559762955	1.06793	0.5857	3664	55245	401
161841781	0.34746015071868896	1.03318	0.5075	4851	55680	117
473711	0.35175721906125546	1.09401	0.5468	1357	53034	292
388480975	0.34779709950089455	1.08347	0.5502	3868	55360	913
180110643	0.35434606671333313	1.05259	0.533	4082	55367	145
341891091	0.2940606400370598	1.07945	0.507	4460	55533	999
403538785	0.27014484256505966	1.04542	0.5043	3762	55507	365
406060038	0.33737191185355186	1.09893	0.5208	4715	55653	791
141060391	0.347347691655159	1.03944	0.5397	4286	55499	594
418899718	0.310680627822876	1.01549	0.5585	3763	55508	231
268096831	0.3548831045627594	1.04662	0.5283	5029	55750	15
400979979	0.35075100511312485	1.03896	0.5263	3759	55236	489
416177280	0.2875797897577286	1.00823	0.5012	4649	55621	158
66754792	0.33556826412677765	1.05831	0.5034	3783	55246	821
117366712	0.3348551318049431	1.00784	0.5067	3815	55537	941
146890907	0.2998882681131363	1.07655	0.5028	4303	55508	691
492359420	0.3815040811896324	1.0398	0.5075	3699	55517	909
137696932	0.2874472588300705	1.04726	0.5518	4269	55502	925
299306419	0.35923632979393005	1.0905	0.547	4483	55587	790
404946948	0.3458358831703663	1.04446	0.5262	3982	55332	845
52100942	0.3586632236838341	1.09504	0.5979	4363	55537	49
133853336	0.2694287896156311	1.0062	0.5197	4055	55359	883
462149308	0.31259220838546753	1.07871	0.5095	4689	55656	557
368818776	0.37024496123194695	1.07079	0.5004	3871	55307	19
173530399	0.3083164133131504	1.0395	0.5487	4833	55679	949
260704	0.2834102623164654	1.05621	0.5376	791	52435	117
375683039	0.267920158803463	1.01173	0.542	5009	55707	963
52714539	0.2550221160054207	1.00863	0.5654	4382	55742	187
115894705	0.27828552573919296	1.06744	0.5152	4233	55449	673
172631753	0.29044027626514435	1.05946	0.5958	4085	55452	53
162698897	0.3188602030277252	1.03319	0.5473	4857	55711	445
155660746	0.340906985104084	1.00637	0.5024	4778	55706	603
169761536	0.3322003558278084	1.05832	0.5248	4088	55451	447
124517737	0.37753458321094513	1.08667	0.5291	4025	55350	743
320781076	0.3439590111374855	1.03631	0.5281	4186	55691	223
230458944	0.3460579663515091	1.09238	0.5588	4891	55736	627
124807612	0.2945600636303425	1.0369	0.5027	4039	55648	222
128273182	0.3173135221004486	1.04714	0.5824	4275	55501	7
427714871	0.36444221436977386	1.00636	0.557	4700	55709	37
130211666	0.28554481267929077	1.02743	0.542	4732	55648	33
160020509	0.3135151229798794	1.02415	0.5187	4831	55679	259
174862345	0.35047511756420135	1.05262	0.5377	4856	55712	653
176801603	0.30411607027053833	1.04925	0.5272	4885	55735	925
170004352	0.3522781655192375	1.0559	0.5693	4857	55711	239
440884789	0.31391749531030655	1.00091	0.5144	4702	55618	104
56971909	0.3525462821125984	1.01581	0.5287	4360	55539	494
89631338	0.3301381915807724	1.05236	0.594	4195	55452	187
257559731	0.3691142052412033	1.00312	0.51	4495	55566	931
204491473	0.27763718366622925	1.00903	0.5497	4094	55481	829
83528649	0.336273729801178	1.07956	0.5323	3832	55289	337
87840202	0.26956021040678024	1.00863	0.506	4216	55477	183
117401185	0.2924306243658066	1.09902	0.5526	3823	55534	797
256668403	0.349477656185627	1.01926	0.5941	3939	55633	145
458857698	0.2896803691983223	1.09711	0.5671	4693	55632	225
123222217	0.3610551357269287	1.01704	0.5382	3837	55572	802
378324476	0.33340656757354736	1.03037	0.5185	4449	55544	781
405714985	0.33959831669926643	1.07917	0.5133	4645	55623	71
386093412	0.30322765558958054	1.09815	0.5655	3866	55623	593
415664585	0.2825623396784067	1.02297	0.5953	4634	55626	391
87853648	0.32162556797266006	1.04061	0.5041	4218	55479	429
187109070	0.2927341014146805	1.01809	0.5333	4531	55563	777
