thing_id	color_ri	kcorrR	zspec	plate	MJD	fibre
296572830	0.4474118798971176	0.386326	0.5842	3930	55332	907
449663432	0.43650277704000473	0.468579	0.5204	4702	55618	832
66502708	0.629451334476471	0.383714	0.5966	4010	55350	255
102855217	0.5424213111400604	0.432627	0.5053	3828	55539	696
397231049	0.5628726407885551	0.495954	0.5057	3759	55236	125
263271747	0.5605019554495811	0.495283	0.5321	4072	55362	604
157841450	0.4794304110109806	0.489853	0.5841	4802	55652	631
422521286	0.5089421458542347	0.40858	0.5729	4617	55617	271
476764808	0.5182807296514511	0.306031	0.5431	3692	55186	545
351736729	0.538048155605793	0.321292	0.5177	4455	55539	231
213716597	0.6551841758191586	0.232214	0.5193	4510	55559	831
424227401	0.5363142937421799	0.49845	0.592	3760	55268	833
253340252	0.6257216185331345	0.260196	0.5885	4498	55615	971
484247119	0.6354012340307236	0.210423	0.5222	3697	55290	329
172675617	0.49565520137548447	0.289472	0.5219	4836	55689	773
141990264	0.4798358604311943	0.446339	0.5389	4749	55633	139
155486280	0.4455559104681015	0.476227	0.5264	4758	55682	886
403072188	0.5379562508314848	0.41468	0.5315	3982	55332	935
69157904	0.6043899953365326	0.321294	0.5386	3771	55544	595
176702474	0.5432615801692009	0.303348	0.5032	4859	55684	875
122069288	0.4859761893749237	0.417071	0.5212	3815	55537	669
137385951	0.6582249030470848	0.147869	0.507	4263	55484	583
54123424	0.5796982273459435	0.257655	0.5823	3770	55234	369
442215411	0.593941742554307	0.0879549	0.5299	3656	55241	334
75571656	0.5423386618494987	0.46102	0.5226	3779	55222	799
140710247	0.4470883160829544	0.487061	0.5148	4732	55648	951
322447579	0.5264077857136726	0.36023	0.575	3947	55332	209
411202857	0.4690413549542427	0.449822	0.5273	3979	55597	877
419525703	0.4773114398121834	0.485105	0.5513	4648	55673	492
461415057	0.6728795021772385	0.233707	0.5744	3663	55176	323
62286921	0.675034187734127	0.418631	0.5606	4355	55533	501
428598268	0.4981044977903366	0.389106	0.5759	3657	55244	493
431409943	0.44764332473278046	0.451035	0.5407	4700	55709	925
130957024	0.47095340490341187	0.469363	0.5994	4259	55501	553
181776746	0.49314020574092865	0.418804	0.5784	4079	55363	525
434239905	0.5338104218244553	0.29185	0.5213	3664	55245	897
137149660	0.47128386050462723	0.491549	0.5438	4018	55622	593
65761414	0.680677518248558	0.389208	0.572	3774	55244	681
221285422	0.467426136136055	0.4846	0.5851	4067	55361	327
440299699	0.51377023011446	0.364457	0.5744	3672	55484	639
473834002	0.47859348356723785	0.444928	0.5252	3665	55247	311
153599714	0.5478871017694473	0.383995	0.5931	4318	55508	895
215461517	0.681591983884573	0.357345	0.5784	4510	55559	667
452667031	0.4278620295226574	0.47279	0.5159	4690	55653	451
450428641	0.6211145222187042	0.185553	0.5473	3807	55511	479
431898733	0.4565182253718376	0.471184	0.501	3658	55205	447
62199242	0.6230342835187912	0.33399	0.5997	4026	55325	613
448211045	0.46346379444003105	0.49454	0.5793	4699	55684	811
93616386	0.5462965369224548	0.476773	0.5189	3826	55563	107
188043283	0.534524217247963	0.479321	0.575	4079	55363	557
211405025	0.6606585755944252	0.388341	0.5838	4510	55559	921
147939993	0.4478719010949135	0.437181	0.5781	4797	55662	91
209697906	0.4580482132732868	0.453737	0.5283	4511	55602	641
185294103	0.5726344659924507	0.232012	0.5497	4531	55563	699
104265957	0.47733595594763756	0.472315	0.5228	3588	55184	850
68041723	0.6132051050662994	0.231174	0.5745	4050	55599	82
55963738	0.4216513857245445	0.315946	0.5114	4047	55352	3
420140172	0.43342745676636696	0.499789	0.5038	3978	55330	517
409706389	0.5414385013282299	0.350286	0.5349	3973	55323	153
138297841	0.5903970561921597	0.222081	0.5964	4271	55507	679
165467612	0.5188477337360382	0.468531	0.5966	4859	55684	359
116987595	0.424268014729023	0.472261	0.5314	4019	55363	914
53285923	0.57439886033535	0.370073	0.5932	3786	55563	208
125763615	0.5350241363048553	0.431862	0.5229	4013	55629	97
463778525	0.6320463065057993	0.286931	0.5847	4693	55632	936
252645237	0.4923244044184685	0.379823	0.5019	4498	55615	773
209059705	0.5683410316705704	0.258694	0.511	4545	55567	553
428983718	0.4833115190267563	0.47893	0.5778	3802	55528	714
75271917	0.5557273626327515	0.383635	0.5179	4207	55475	407
129652917	0.653254970908165	0.446434	0.5479	4304	55506	315
202558140	0.5458002090454102	0.443662	0.5338	5065	55739	17
503383130	0.4751863032579422	0.451042	0.5047	3701	55540	893
156917535	0.5143454447388649	0.444496	0.5261	4779	55656	759
457089686	0.6175438705831766	0.197413	0.5435	4690	55653	90
204065448	0.7347662895917892	0.290479	0.527	4545	55567	895
169842069	0.5709435977041721	0.241951	0.5914	4861	55710	189
353046834	0.5782258287072182	0.262802	0.525	4725	55711	143
131685010	0.4943047761917114	0.406469	0.5692	4009	55648	859
113645484	0.4290740638971329	0.338537	0.5563	4213	55449	797
266646506	0.5084325075149536	0.417411	0.5951	3925	55338	221
376446170	0.4913059361279011	0.404551	0.5944	4953	55749	607
54392424	0.6479880064725876	0	0.5812	4041	55361	371
431676362	0.675851047039032	0.360541	0.5098	3657	55244	768
59633463	0.5984561890363693	0.279459	0.5564	4359	55533	729
428707923	0.6472415030002594	0.27368	0.5936	3805	55269	607
202501869	0.651822566986084	0.246557	0.531	4545	55567	773
394288318	0.4614787623286247	0.492524	0.5869	3863	55280	778
368818613	0.4672161117196083	0.477844	0.5073	3879	55244	619
128225260	0.4489237554371357	0.424544	0.5405	4273	55506	387
143643644	0.5834030881524086	0.261915	0.5716	4303	55508	460
64822618	0.5612088702619076	0.479878	0.5858	4350	55556	833
212468988	0.5132100433111191	0.380381	0.5158	4509	55574	575
59968636	0.5431786924600601	0.49483	0.53	4048	55602	848
233977400	0.5999191030859947	0.431163	0.596	4900	55739	765
128689066	0.4136533960700035	0.428114	0.5593	3822	55544	195
69476715	0.508078470826149	0.345675	0.5137	4023	55328	671
120890534	0.5043872073292732	0.322175	0.5826	3831	55543	905
377315547	0.4951470196247101	0.373203	0.5358	4961	55719	163
137814878	0.6369440108537674	0.481496	0.5968	4730	55630	759
319134755	0.6235295757651329	0.280918	0.5844	3954	55680	575
127722564	0.5109584257006645	0.339585	0.5338	4280	55503	67
395621482	0.4849742129445076	0.434189	0.5344	4623	55621	373
171758081	0.46446457505226135	0.413961	0.5615	5067	55751	207
424465394	0.5858672335743904	0.289325	0.5266	3763	55508	963
98290502	0.6234376430511475	0.214806	0.5949	4191	55444	519
306765998	0.5844829678535461	0.352029	0.5265	3949	55650	723
473731908	0.498795285820961	0.487996	0.5531	3686	55268	597
242289711	0.4754238948225975	0.458566	0.5967	4498	55615	89
124972349	0.5026196986436844	0.339817	0.5074	4736	55631	293
259873782	0.43471913039684296	0.417882	0.5976	4063	55364	505
344503706	0.5689079761505127	0.239202	0.5583	4454	55536	441
61485211	0.5445830002427101	0.441222	0.552	4345	55569	647
301929445	0.6162233203649521	0.340402	0.5993	4057	55357	871
201343801	0.5996631011366844	0.232205	0.5832	4094	55481	923
298162218	0.48726729303598404	0.463889	0.5698	3962	55660	339
483020358	0.4567292332649231	0.408036	0.5019	3696	55277	771
484943778	0.5949108898639679	0.249696	0.5039	3696	55277	849
135993152	0.4407249838113785	0.484853	0.5304	4730	55630	523
252375348	0.649416096508503	0.370747	0.5305	4495	55566	149
62565445	0.48510461300611496	0.45248	0.5239	3781	55243	279
265418342	0.5117978602647781	0.489424	0.5549	5029	55750	365
171308390	0.5033024623990059	0.459828	0.5706	4877	55707	555
504368199	0.5009172782301903	0.427988	0.5358	4529	55563	577
423166692	0.425002608448267	0.305881	0.5894	4572	55622	458
272442417	0.5945509746670723	0.417	0.5605	4490	55629	735
133851703	0.639077365398407	0.23786	0.5156	4322	55503	567
172490941	0.5099396407604218	0.452685	0.547	4861	55710	567
152911429	0.49025921896100044	0.385284	0.5288	4761	55633	681
143773494	0.46708808839321136	0.424878	0.5371	4802	55652	61
52832034	0.6052585691213608	0.253708	0.5994	4352	55533	208
56015894	0.503255806863308	0.373729	0.5599	4363	55537	127
400263041	0.45671104826033115	0.485821	0.5045	3974	55320	197
299596168	0.5072929728776217	0.178346	0.583	3929	55335	117
299284064	0.5714865550398827	0.393367	0.5289	3962	55660	423
265247826	0.4792235493659973	0.450177	0.5352	5029	55750	147
129276811	0.5112796127796173	0.350912	0.5207	4740	55651	397
403038681	0.5141775272786617	0.479228	0.5728	4715	55653	229
134069229	0.486041359603405	0.394146	0.5053	4739	55644	687
449035303	0.4973989576101303	0.412659	0.5524	3680	55210	711
406196392	0.5232019517570734	0.342658	0.5335	3983	55603	243
75035269	0.46152719110250473	0.47367	0.5596	4237	55478	331
451709078	0.6630308330059052	0.243419	0.507	3807	55511	615
128958514	0.5824345201253891	0.254014	0.5821	4731	55656	175
70976229	0.4832955077290535	0.475269	0.5395	4022	55352	431
419041097	0.5273626558482647	0.270362	0.575	4563	55617	311
161135050	0.6191260814666748	0.148978	0.5709	4878	55710	415
159044508	0.5802014842629433	0.297126	0.5642	4404	55513	213
280860921	0.43405379354953766	0.497306	0.5517	3937	55352	149
63189161	0.4796438291668892	0.346357	0.5908	4032	55333	857
64145929	0.5446097403764725	0.453109	0.5292	4023	55328	505
194267740	0.5584392696619034	0.328305	0.5438	5066	55749	3
277912804	0.5873766466975212	0.218271	0.5956	4486	55588	177
61249569	0.45833682268857956	0.4502	0.5549	3768	55564	439
327750423	0.42072106897830963	0.486215	0.5856	4727	55693	215
161127282	0.47514180839061737	0.41489	0.5511	4084	55447	655
160559305	0.5749777778983116	0.289828	0.5394	4856	55712	289
463464108	0.7318476513028145	0.329304	0.5646	3663	55176	137
78082250	0.504551112651825	0.370843	0.5963	4236	55479	53
388210301	0.43439987301826477	0.459283	0.5966	3758	55506	191
318797734	0.6176162213087082	0.242556	0.516	3928	55331	777
444667195	0.544430535286665	0.367899	0.5125	4624	55654	129
127289169	0.511500895023346	0.499776	0.5633	4055	55359	439
140815563	0.45970887690782547	0.49082	0.5022	4803	55734	205
265740046	0.5304490774869919	0.313252	0.5414	4493	55585	697
204074912	0.5920906811952591	0.245665	0.5875	4530	55564	971
449014578	0.4719970002770424	0.479925	0.5736	3807	55511	481
142942853	0.4549492597579956	0.402854	0.5646	3820	55542	66
161296023	0.4594762846827507	0.47529	0.5731	4803	55734	829
267827935	0.48745016753673553	0.401117	0.5095	4062	55383	49
373337366	0.6044657975435257	0.249631	0.5434	4448	55538	37
61323012	0.4367487356066704	0.307878	0.5507	4041	55361	552
133640218	0.5960971713066101	0.376293	0.5958	5141	55746	829
404783688	0.46068915352225304	0.475838	0.5181	4610	55621	815
165382763	0.6347921900451183	0.289716	0.5788	4854	55685	79
483195518	0.4691203758120537	0.484795	0.5065	3696	55277	685
260220499	0.5282642692327499	0.229185	0.5271	4493	55585	347
407909783	0.5619055964052677	0.298673	0.5301	3855	55268	67
423891722	0.42097157984972	0.499355	0.5809	3657	55244	170
89881972	0.5592988356947899	0.369965	0.5557	3821	55535	433
479343057	0.5172885283827782	0.348213	0.5106	3696	55277	9
165870628	0.5499382680281997	0.136417	0.536	4800	55674	901
251329955	0.5231285877525806	0.185651	0.5052	4498	55615	602
98606163	0.49611665681004524	0.0919637	0.5608	3844	55321	79
416606400	0.45975186489522457	0.447528	0.5747	4568	55600	837
114502033	0.458195760846138	0.463934	0.5883	4055	55359	173
76350309	0.6890806183218956	0.397504	0.5953	4043	55630	131
169088699	0.5472159087657928	0.333276	0.5441	4084	55447	709
264196562	0.5427509546279907	0.460484	0.5275	4064	55366	225
418574878	0.6263150125741959	0.416771	0.5901	4567	55589	89
452460794	0.5390167608857155	0.476413	0.5728	3669	55481	489
381870637	0.5535692255944014	0.438523	0.5274	3864	55649	245
85885992	0.4611721932888031	0.435491	0.5994	4215	55471	269
383808290	0.500379353761673	0.417946	0.511	4956	55737	723
402772267	0.6861957013607025	0.321316	0.5308	3974	55320	929
141382963	0.5711243152618408	0.320345	0.5763	3813	55532	761
263667261	0.5672862231731415	0.244928	0.5663	3939	55633	521
231033087	0.4496871829032898	0.480234	0.539	4070	55681	899
130416099	0.42983049899339676	0.478402	0.5488	4030	55634	67
134745613	0.48613259941339493	0.469351	0.5409	4733	55649	531
384255446	0.47603948786854744	0.466238	0.5826	5011	55739	957
